2021/04/26-10:23:40.594202 7f7036de4700 RocksDB version: 5.18.4
2021/04/26-10:23:40.594785 7f7036de4700 Git sha rocksdb_build_git_sha:
2021/04/26-10:23:40.594790 7f7036de4700 Compile date Mar 11 2020
2021/04/26-10:23:40.594792 7f7036de4700 DB SUMMARY
2021/04/26-10:23:40.596756 7f7036de4700 CURRENT file:  CURRENT
2021/04/26-10:23:40.596763 7f7036de4700 IDENTITY file:  IDENTITY
2021/04/26-10:23:40.597353 7f7036de4700 MANIFEST file:  MANIFEST-000025 size: 475 Bytes
2021/04/26-10:23:40.597360 7f7036de4700 SST files in /home/nacos/data/protocol/raft/naming_instance_metadata/log dir, Total Num: 5, files: 000006.sst 000008.sst 000012.sst 000017.sst 000024.sst 
2021/04/26-10:23:40.597362 7f7036de4700 Write Ahead Log file in /home/nacos/data/protocol/raft/naming_instance_metadata/log: 000027.log size: 77 ; 
2021/04/26-10:23:40.597365 7f7036de4700                         Options.error_if_exists: 0
2021/04/26-10:23:40.597367 7f7036de4700                       Options.create_if_missing: 1
2021/04/26-10:23:40.597368 7f7036de4700                         Options.paranoid_checks: 1
2021/04/26-10:23:40.597369 7f7036de4700                                     Options.env: 0x7f6f58ec4fa0
2021/04/26-10:23:40.597370 7f7036de4700                                Options.info_log: 0x7f703032e8d0
2021/04/26-10:23:40.597371 7f7036de4700                Options.max_file_opening_threads: 16
2021/04/26-10:23:40.597372 7f7036de4700                              Options.statistics: 0x7f7030ea5d80
2021/04/26-10:23:40.597373 7f7036de4700                               Options.use_fsync: 0
2021/04/26-10:23:40.597374 7f7036de4700                       Options.max_log_file_size: 0
2021/04/26-10:23:40.597375 7f7036de4700                  Options.max_manifest_file_size: 1073741824
2021/04/26-10:23:40.597376 7f7036de4700                   Options.log_file_time_to_roll: 0
2021/04/26-10:23:40.597377 7f7036de4700                       Options.keep_log_file_num: 1000
2021/04/26-10:23:40.597378 7f7036de4700                    Options.recycle_log_file_num: 0
2021/04/26-10:23:40.597379 7f7036de4700                         Options.allow_fallocate: 1
2021/04/26-10:23:40.597380 7f7036de4700                        Options.allow_mmap_reads: 0
2021/04/26-10:23:40.597381 7f7036de4700                       Options.allow_mmap_writes: 0
2021/04/26-10:23:40.597382 7f7036de4700                        Options.use_direct_reads: 0
2021/04/26-10:23:40.597383 7f7036de4700                        Options.use_direct_io_for_flush_and_compaction: 0
2021/04/26-10:23:40.597384 7f7036de4700          Options.create_missing_column_families: 1
2021/04/26-10:23:40.597385 7f7036de4700                              Options.db_log_dir: 
2021/04/26-10:23:40.597387 7f7036de4700                                 Options.wal_dir: /home/nacos/data/protocol/raft/naming_instance_metadata/log
2021/04/26-10:23:40.597388 7f7036de4700                Options.table_cache_numshardbits: 6
2021/04/26-10:23:40.597389 7f7036de4700                      Options.max_subcompactions: 1
2021/04/26-10:23:40.597390 7f7036de4700                  Options.max_background_flushes: 1
2021/04/26-10:23:40.597391 7f7036de4700                         Options.WAL_ttl_seconds: 0
2021/04/26-10:23:40.597392 7f7036de4700                       Options.WAL_size_limit_MB: 0
2021/04/26-10:23:40.597393 7f7036de4700             Options.manifest_preallocation_size: 4194304
2021/04/26-10:23:40.597394 7f7036de4700                     Options.is_fd_close_on_exec: 1
2021/04/26-10:23:40.597395 7f7036de4700                   Options.advise_random_on_open: 1
2021/04/26-10:23:40.597396 7f7036de4700                    Options.db_write_buffer_size: 0
2021/04/26-10:23:40.597397 7f7036de4700                    Options.write_buffer_manager: 0x7f7030c44920
2021/04/26-10:23:40.597398 7f7036de4700         Options.access_hint_on_compaction_start: 1
2021/04/26-10:23:40.597399 7f7036de4700  Options.new_table_reader_for_compaction_inputs: 0
2021/04/26-10:23:40.597400 7f7036de4700           Options.random_access_max_buffer_size: 1048576
2021/04/26-10:23:40.597401 7f7036de4700                      Options.use_adaptive_mutex: 0
2021/04/26-10:23:40.597402 7f7036de4700                            Options.rate_limiter: (nil)
2021/04/26-10:23:40.597876 7f7036de4700     Options.sst_file_manager.rate_bytes_per_sec: 0
2021/04/26-10:23:40.597881 7f7036de4700                       Options.wal_recovery_mode: 2
2021/04/26-10:23:40.597882 7f7036de4700                  Options.enable_thread_tracking: 0
2021/04/26-10:23:40.597883 7f7036de4700                  Options.enable_pipelined_write: 0
2021/04/26-10:23:40.597884 7f7036de4700         Options.allow_concurrent_memtable_write: 1
2021/04/26-10:23:40.597885 7f7036de4700      Options.enable_write_thread_adaptive_yield: 1
2021/04/26-10:23:40.597886 7f7036de4700             Options.write_thread_max_yield_usec: 100
2021/04/26-10:23:40.597887 7f7036de4700            Options.write_thread_slow_yield_usec: 3
2021/04/26-10:23:40.597888 7f7036de4700                               Options.row_cache: None
2021/04/26-10:23:40.597889 7f7036de4700                              Options.wal_filter: None
2021/04/26-10:23:40.597890 7f7036de4700             Options.avoid_flush_during_recovery: 0
2021/04/26-10:23:40.597891 7f7036de4700             Options.allow_ingest_behind: 0
2021/04/26-10:23:40.597892 7f7036de4700             Options.preserve_deletes: 0
2021/04/26-10:23:40.597893 7f7036de4700             Options.two_write_queues: 0
2021/04/26-10:23:40.597894 7f7036de4700             Options.manual_wal_flush: 0
2021/04/26-10:23:40.597895 7f7036de4700             Options.max_background_jobs: 2
2021/04/26-10:23:40.597896 7f7036de4700             Options.max_background_compactions: 4
2021/04/26-10:23:40.597897 7f7036de4700             Options.avoid_flush_during_shutdown: 0
2021/04/26-10:23:40.597898 7f7036de4700           Options.writable_file_max_buffer_size: 1048576
2021/04/26-10:23:40.597900 7f7036de4700             Options.delayed_write_rate : 16777216
2021/04/26-10:23:40.597901 7f7036de4700             Options.max_total_wal_size: 0
2021/04/26-10:23:40.597902 7f7036de4700             Options.delete_obsolete_files_period_micros: 21600000000
2021/04/26-10:23:40.597903 7f7036de4700                   Options.stats_dump_period_sec: 600
2021/04/26-10:23:40.597904 7f7036de4700                          Options.max_open_files: -1
2021/04/26-10:23:40.597905 7f7036de4700                          Options.bytes_per_sync: 0
2021/04/26-10:23:40.597906 7f7036de4700                      Options.wal_bytes_per_sync: 0
2021/04/26-10:23:40.597907 7f7036de4700       Options.compaction_readahead_size: 0
2021/04/26-10:23:40.597908 7f7036de4700 Compression algorithms supported:
2021/04/26-10:23:40.597909 7f7036de4700 	kZSTDNotFinalCompression supported: 1
2021/04/26-10:23:40.597911 7f7036de4700 	kZSTD supported: 1
2021/04/26-10:23:40.597912 7f7036de4700 	kXpressCompression supported: 0
2021/04/26-10:23:40.597913 7f7036de4700 	kLZ4HCCompression supported: 1
2021/04/26-10:23:40.597914 7f7036de4700 	kLZ4Compression supported: 1
2021/04/26-10:23:40.597916 7f7036de4700 	kBZip2Compression supported: 1
2021/04/26-10:23:40.597917 7f7036de4700 	kZlibCompression supported: 1
2021/04/26-10:23:40.597918 7f7036de4700 	kSnappyCompression supported: 1
2021/04/26-10:23:40.597921 7f7036de4700 Fast CRC32 supported: Not supported on x86
2021/04/26-10:23:40.604964 7f7036de4700 [/version_set.cc:3508] Recovering from manifest file: MANIFEST-000025
2021/04/26-10:23:40.607026 7f7036de4700 [/column_family.cc:474] --------------- Options for column family [default]:
2021/04/26-10:23:40.607035 7f7036de4700               Options.comparator: leveldb.BytewiseComparator
2021/04/26-10:23:40.607037 7f7036de4700           Options.merge_operator: StringAppendOperator
2021/04/26-10:23:40.607039 7f7036de4700        Options.compaction_filter: None
2021/04/26-10:23:40.607040 7f7036de4700        Options.compaction_filter_factory: None
2021/04/26-10:23:40.607041 7f7036de4700         Options.memtable_factory: SkipListFactory
2021/04/26-10:23:40.607042 7f7036de4700            Options.table_factory: BlockBasedTable
2021/04/26-10:23:40.607062 7f7036de4700            table_factory options:   flush_block_policy_factory: FlushBlockBySizePolicyFactory (0x7f703032de20)
  cache_index_and_filter_blocks: 0
  cache_index_and_filter_blocks_with_high_priority: 1
  pin_l0_filter_and_index_blocks_in_cache: 1
  pin_top_level_index_and_filter: 1
  index_type: 2
  hash_index_allow_collision: 1
  checksum: 1
  no_block_cache: 0
  block_cache: 0x7f703112b2a0
  block_cache_name: LRUCache
  block_cache_options:
    capacity : 536870912
    num_shard_bits : 8
    strict_capacity_limit : 0
    memory_allocator : None
    high_pri_pool_ratio: 0.000
  block_cache_compressed: (nil)
  persistent_cache: (nil)
  block_size: 4096
  block_size_deviation: 10
  block_restart_interval: 16
  index_block_restart_interval: 1
  metadata_block_size: 8192
  partition_filters: 1
  use_delta_encoding: 1
  filter_policy: nullptr
  whole_key_filtering: 1
  verify_compression: 0
  read_amp_bytes_per_bit: 0
  format_version: 0
  enable_index_compression: 1
  block_align: 0
2021/04/26-10:23:40.607364 7f7036de4700        Options.write_buffer_size: 134217728
2021/04/26-10:23:40.607369 7f7036de4700  Options.max_write_buffer_number: 6
2021/04/26-10:23:40.607374 7f7036de4700        Options.compression[0]: NoCompression
2021/04/26-10:23:40.607376 7f7036de4700        Options.compression[1]: NoCompression
2021/04/26-10:23:40.607377 7f7036de4700        Options.compression[2]: Snappy
2021/04/26-10:23:40.607379 7f7036de4700        Options.compression[3]: Snappy
2021/04/26-10:23:40.607381 7f7036de4700        Options.compression[4]: Snappy
2021/04/26-10:23:40.607382 7f7036de4700        Options.compression[5]: Snappy
2021/04/26-10:23:40.607384 7f7036de4700        Options.compression[6]: Snappy
2021/04/26-10:23:40.607385 7f7036de4700                  Options.bottommost_compression: Disabled
2021/04/26-10:23:40.607387 7f7036de4700       Options.prefix_extractor: rocksdb.FixedPrefix.8
2021/04/26-10:23:40.607389 7f7036de4700   Options.memtable_insert_with_hint_prefix_extractor: nullptr
2021/04/26-10:23:40.607391 7f7036de4700             Options.num_levels: 7
2021/04/26-10:23:40.607392 7f7036de4700        Options.min_write_buffer_number_to_merge: 2
2021/04/26-10:23:40.607393 7f7036de4700     Options.max_write_buffer_number_to_maintain: 0
2021/04/26-10:23:40.607394 7f7036de4700            Options.bottommost_compression_opts.window_bits: -14
2021/04/26-10:23:40.607395 7f7036de4700                  Options.bottommost_compression_opts.level: 32767
2021/04/26-10:23:40.607396 7f7036de4700               Options.bottommost_compression_opts.strategy: 0
2021/04/26-10:23:40.607397 7f7036de4700         Options.bottommost_compression_opts.max_dict_bytes: 0
2021/04/26-10:23:40.607398 7f7036de4700         Options.bottommost_compression_opts.zstd_max_train_bytes: 0
2021/04/26-10:23:40.607399 7f7036de4700                  Options.bottommost_compression_opts.enabled: false
2021/04/26-10:23:40.607400 7f7036de4700            Options.compression_opts.window_bits: -14
2021/04/26-10:23:40.607401 7f7036de4700                  Options.compression_opts.level: 32767
2021/04/26-10:23:40.607402 7f7036de4700               Options.compression_opts.strategy: 0
2021/04/26-10:23:40.607403 7f7036de4700         Options.compression_opts.max_dict_bytes: 0
2021/04/26-10:23:40.607404 7f7036de4700         Options.compression_opts.zstd_max_train_bytes: 0
2021/04/26-10:23:40.607405 7f7036de4700                  Options.compression_opts.enabled: false
2021/04/26-10:23:40.607406 7f7036de4700      Options.level0_file_num_compaction_trigger: 2
2021/04/26-10:23:40.607407 7f7036de4700          Options.level0_slowdown_writes_trigger: 20
2021/04/26-10:23:40.607408 7f7036de4700              Options.level0_stop_writes_trigger: 40
2021/04/26-10:23:40.607409 7f7036de4700                   Options.target_file_size_base: 67108864
2021/04/26-10:23:40.607410 7f7036de4700             Options.target_file_size_multiplier: 1
2021/04/26-10:23:40.607411 7f7036de4700                Options.max_bytes_for_level_base: 536870912
2021/04/26-10:23:40.607412 7f7036de4700 Options.level_compaction_dynamic_level_bytes: 0
2021/04/26-10:23:40.607413 7f7036de4700          Options.max_bytes_for_level_multiplier: 10.000000
2021/04/26-10:23:40.607741 7f7036de4700 Options.max_bytes_for_level_multiplier_addtl[0]: 1
2021/04/26-10:23:40.607746 7f7036de4700 Options.max_bytes_for_level_multiplier_addtl[1]: 1
2021/04/26-10:23:40.607747 7f7036de4700 Options.max_bytes_for_level_multiplier_addtl[2]: 1
2021/04/26-10:23:40.607748 7f7036de4700 Options.max_bytes_for_level_multiplier_addtl[3]: 1
2021/04/26-10:23:40.607749 7f7036de4700 Options.max_bytes_for_level_multiplier_addtl[4]: 1
2021/04/26-10:23:40.607750 7f7036de4700 Options.max_bytes_for_level_multiplier_addtl[5]: 1
2021/04/26-10:23:40.607752 7f7036de4700 Options.max_bytes_for_level_multiplier_addtl[6]: 1
2021/04/26-10:23:40.607753 7f7036de4700       Options.max_sequential_skip_in_iterations: 8
2021/04/26-10:23:40.607754 7f7036de4700                    Options.max_compaction_bytes: 1677721600
2021/04/26-10:23:40.607756 7f7036de4700                        Options.arena_block_size: 16777216
2021/04/26-10:23:40.607757 7f7036de4700   Options.soft_pending_compaction_bytes_limit: 68719476736
2021/04/26-10:23:40.607759 7f7036de4700   Options.hard_pending_compaction_bytes_limit: 274877906944
2021/04/26-10:23:40.607760 7f7036de4700       Options.rate_limit_delay_max_milliseconds: 100
2021/04/26-10:23:40.607762 7f7036de4700                Options.disable_auto_compactions: 0
2021/04/26-10:23:40.607764 7f7036de4700                        Options.compaction_style: kCompactionStyleLevel
2021/04/26-10:23:40.607766 7f7036de4700                          Options.compaction_pri: kByCompensatedSize
2021/04/26-10:23:40.607767 7f7036de4700 Options.compaction_options_universal.size_ratio: 1
2021/04/26-10:23:40.607768 7f7036de4700 Options.compaction_options_universal.min_merge_width: 2
2021/04/26-10:23:40.607769 7f7036de4700 Options.compaction_options_universal.max_merge_width: 4294967295
2021/04/26-10:23:40.607770 7f7036de4700 Options.compaction_options_universal.max_size_amplification_percent: 200
2021/04/26-10:23:40.607771 7f7036de4700 Options.compaction_options_universal.compression_size_percent: -1
2021/04/26-10:23:40.607773 7f7036de4700 Options.compaction_options_universal.stop_style: kCompactionStopStyleTotalSize
2021/04/26-10:23:40.607775 7f7036de4700 Options.compaction_options_fifo.max_table_files_size: 1073741824
2021/04/26-10:23:40.607776 7f7036de4700 Options.compaction_options_fifo.allow_compaction: 0
2021/04/26-10:23:40.607778 7f7036de4700 Options.compaction_options_fifo.ttl: 0
2021/04/26-10:23:40.607779 7f7036de4700                   Options.table_properties_collectors: 
2021/04/26-10:23:40.607780 7f7036de4700                   Options.inplace_update_support: 0
2021/04/26-10:23:40.607781 7f7036de4700                 Options.inplace_update_num_locks: 10000
2021/04/26-10:23:40.607783 7f7036de4700               Options.memtable_prefix_bloom_size_ratio: 0.125000
2021/04/26-10:23:40.607785 7f7036de4700   Options.memtable_huge_page_size: 0
2021/04/26-10:23:40.607786 7f7036de4700                           Options.bloom_locality: 0
2021/04/26-10:23:40.607787 7f7036de4700                    Options.max_successive_merges: 0
2021/04/26-10:23:40.607788 7f7036de4700                Options.optimize_filters_for_hits: 0
2021/04/26-10:23:40.607789 7f7036de4700                Options.paranoid_file_checks: 0
2021/04/26-10:23:40.607790 7f7036de4700                Options.force_consistency_checks: 1
2021/04/26-10:23:40.607791 7f7036de4700                Options.report_bg_io_stats: 0
2021/04/26-10:23:40.607792 7f7036de4700                               Options.ttl: 0
2021/04/26-10:23:40.614502 7f7036de4700 [/column_family.cc:474] --------------- Options for column family [Configuration]:
2021/04/26-10:23:40.614512 7f7036de4700               Options.comparator: leveldb.BytewiseComparator
2021/04/26-10:23:40.614514 7f7036de4700           Options.merge_operator: StringAppendOperator
2021/04/26-10:23:40.614516 7f7036de4700        Options.compaction_filter: None
2021/04/26-10:23:40.614517 7f7036de4700        Options.compaction_filter_factory: None
2021/04/26-10:23:40.614518 7f7036de4700         Options.memtable_factory: SkipListFactory
2021/04/26-10:23:40.614839 7f7036de4700            Options.table_factory: BlockBasedTable
2021/04/26-10:23:40.614877 7f7036de4700            table_factory options:   flush_block_policy_factory: FlushBlockBySizePolicyFactory (0x7f703032de20)
  cache_index_and_filter_blocks: 0
  cache_index_and_filter_blocks_with_high_priority: 1
  pin_l0_filter_and_index_blocks_in_cache: 1
  pin_top_level_index_and_filter: 1
  index_type: 2
  hash_index_allow_collision: 1
  checksum: 1
  no_block_cache: 0
  block_cache: 0x7f703112b2a0
  block_cache_name: LRUCache
  block_cache_options:
    capacity : 536870912
    num_shard_bits : 8
    strict_capacity_limit : 0
    memory_allocator : None
    high_pri_pool_ratio: 0.000
  block_cache_compressed: (nil)
  persistent_cache: (nil)
  block_size: 4096
  block_size_deviation: 10
  block_restart_interval: 16
  index_block_restart_interval: 1
  metadata_block_size: 8192
  partition_filters: 1
  use_delta_encoding: 1
  filter_policy: nullptr
  whole_key_filtering: 1
  verify_compression: 0
  read_amp_bytes_per_bit: 0
  format_version: 0
  enable_index_compression: 1
  block_align: 0
2021/04/26-10:23:40.614880 7f7036de4700        Options.write_buffer_size: 134217728
2021/04/26-10:23:40.614881 7f7036de4700  Options.max_write_buffer_number: 6
2021/04/26-10:23:40.614883 7f7036de4700        Options.compression[0]: NoCompression
2021/04/26-10:23:40.614884 7f7036de4700        Options.compression[1]: NoCompression
2021/04/26-10:23:40.614885 7f7036de4700        Options.compression[2]: Snappy
2021/04/26-10:23:40.614886 7f7036de4700        Options.compression[3]: Snappy
2021/04/26-10:23:40.614887 7f7036de4700        Options.compression[4]: Snappy
2021/04/26-10:23:40.614888 7f7036de4700        Options.compression[5]: Snappy
2021/04/26-10:23:40.614889 7f7036de4700        Options.compression[6]: Snappy
2021/04/26-10:23:40.614890 7f7036de4700                  Options.bottommost_compression: Disabled
2021/04/26-10:23:40.614892 7f7036de4700       Options.prefix_extractor: rocksdb.FixedPrefix.8
2021/04/26-10:23:40.614893 7f7036de4700   Options.memtable_insert_with_hint_prefix_extractor: nullptr
2021/04/26-10:23:40.614894 7f7036de4700             Options.num_levels: 7
2021/04/26-10:23:40.614895 7f7036de4700        Options.min_write_buffer_number_to_merge: 2
2021/04/26-10:23:40.614896 7f7036de4700     Options.max_write_buffer_number_to_maintain: 0
2021/04/26-10:23:40.614897 7f7036de4700            Options.bottommost_compression_opts.window_bits: -14
2021/04/26-10:23:40.614898 7f7036de4700                  Options.bottommost_compression_opts.level: 32767
2021/04/26-10:23:40.614899 7f7036de4700               Options.bottommost_compression_opts.strategy: 0
2021/04/26-10:23:40.614900 7f7036de4700         Options.bottommost_compression_opts.max_dict_bytes: 0
2021/04/26-10:23:40.614901 7f7036de4700         Options.bottommost_compression_opts.zstd_max_train_bytes: 0
2021/04/26-10:23:40.614902 7f7036de4700                  Options.bottommost_compression_opts.enabled: false
2021/04/26-10:23:40.614903 7f7036de4700            Options.compression_opts.window_bits: -14
2021/04/26-10:23:40.614904 7f7036de4700                  Options.compression_opts.level: 32767
2021/04/26-10:23:40.614905 7f7036de4700               Options.compression_opts.strategy: 0
2021/04/26-10:23:40.614906 7f7036de4700         Options.compression_opts.max_dict_bytes: 0
2021/04/26-10:23:40.614907 7f7036de4700         Options.compression_opts.zstd_max_train_bytes: 0
2021/04/26-10:23:40.614908 7f7036de4700                  Options.compression_opts.enabled: false
2021/04/26-10:23:40.614909 7f7036de4700      Options.level0_file_num_compaction_trigger: 2
2021/04/26-10:23:40.614910 7f7036de4700          Options.level0_slowdown_writes_trigger: 20
2021/04/26-10:23:40.614911 7f7036de4700              Options.level0_stop_writes_trigger: 40
2021/04/26-10:23:40.614912 7f7036de4700                   Options.target_file_size_base: 67108864
2021/04/26-10:23:40.614913 7f7036de4700             Options.target_file_size_multiplier: 1
2021/04/26-10:23:40.615245 7f7036de4700                Options.max_bytes_for_level_base: 536870912
2021/04/26-10:23:40.615250 7f7036de4700 Options.level_compaction_dynamic_level_bytes: 0
2021/04/26-10:23:40.615251 7f7036de4700          Options.max_bytes_for_level_multiplier: 10.000000
2021/04/26-10:23:40.615253 7f7036de4700 Options.max_bytes_for_level_multiplier_addtl[0]: 1
2021/04/26-10:23:40.615255 7f7036de4700 Options.max_bytes_for_level_multiplier_addtl[1]: 1
2021/04/26-10:23:40.615256 7f7036de4700 Options.max_bytes_for_level_multiplier_addtl[2]: 1
2021/04/26-10:23:40.615257 7f7036de4700 Options.max_bytes_for_level_multiplier_addtl[3]: 1
2021/04/26-10:23:40.615258 7f7036de4700 Options.max_bytes_for_level_multiplier_addtl[4]: 1
2021/04/26-10:23:40.615259 7f7036de4700 Options.max_bytes_for_level_multiplier_addtl[5]: 1
2021/04/26-10:23:40.615260 7f7036de4700 Options.max_bytes_for_level_multiplier_addtl[6]: 1
2021/04/26-10:23:40.615261 7f7036de4700       Options.max_sequential_skip_in_iterations: 8
2021/04/26-10:23:40.615262 7f7036de4700                    Options.max_compaction_bytes: 1677721600
2021/04/26-10:23:40.615263 7f7036de4700                        Options.arena_block_size: 16777216
2021/04/26-10:23:40.615264 7f7036de4700   Options.soft_pending_compaction_bytes_limit: 68719476736
2021/04/26-10:23:40.615265 7f7036de4700   Options.hard_pending_compaction_bytes_limit: 274877906944
2021/04/26-10:23:40.615266 7f7036de4700       Options.rate_limit_delay_max_milliseconds: 100
2021/04/26-10:23:40.615267 7f7036de4700                Options.disable_auto_compactions: 0
2021/04/26-10:23:40.615269 7f7036de4700                        Options.compaction_style: kCompactionStyleLevel
2021/04/26-10:23:40.615270 7f7036de4700                          Options.compaction_pri: kByCompensatedSize
2021/04/26-10:23:40.615271 7f7036de4700 Options.compaction_options_universal.size_ratio: 1
2021/04/26-10:23:40.615272 7f7036de4700 Options.compaction_options_universal.min_merge_width: 2
2021/04/26-10:23:40.615273 7f7036de4700 Options.compaction_options_universal.max_merge_width: 4294967295
2021/04/26-10:23:40.615274 7f7036de4700 Options.compaction_options_universal.max_size_amplification_percent: 200
2021/04/26-10:23:40.615275 7f7036de4700 Options.compaction_options_universal.compression_size_percent: -1
2021/04/26-10:23:40.615276 7f7036de4700 Options.compaction_options_universal.stop_style: kCompactionStopStyleTotalSize
2021/04/26-10:23:40.615277 7f7036de4700 Options.compaction_options_fifo.max_table_files_size: 1073741824
2021/04/26-10:23:40.615278 7f7036de4700 Options.compaction_options_fifo.allow_compaction: 0
2021/04/26-10:23:40.615279 7f7036de4700 Options.compaction_options_fifo.ttl: 0
2021/04/26-10:23:40.615280 7f7036de4700                   Options.table_properties_collectors: 
2021/04/26-10:23:40.615282 7f7036de4700                   Options.inplace_update_support: 0
2021/04/26-10:23:40.615283 7f7036de4700                 Options.inplace_update_num_locks: 10000
2021/04/26-10:23:40.615284 7f7036de4700               Options.memtable_prefix_bloom_size_ratio: 0.125000
2021/04/26-10:23:40.615285 7f7036de4700   Options.memtable_huge_page_size: 0
2021/04/26-10:23:40.615286 7f7036de4700                           Options.bloom_locality: 0
2021/04/26-10:23:40.615287 7f7036de4700                    Options.max_successive_merges: 0
2021/04/26-10:23:40.615288 7f7036de4700                Options.optimize_filters_for_hits: 0
2021/04/26-10:23:40.615289 7f7036de4700                Options.paranoid_file_checks: 0
2021/04/26-10:23:40.615290 7f7036de4700                Options.force_consistency_checks: 1
2021/04/26-10:23:40.615291 7f7036de4700                Options.report_bg_io_stats: 0
2021/04/26-10:23:40.615292 7f7036de4700                               Options.ttl: 0
2021/04/26-10:23:40.629755 7f7036de4700 [/version_set.cc:3724] Recovered from manifest file:/home/nacos/data/protocol/raft/naming_instance_metadata/log/MANIFEST-000025 succeeded,manifest_file_number is 25, next_file_number is 32, last_sequence is 7, log_number is 0,prev_log_number is 0,max_column_family is 1,min_log_number_to_keep is 0
2021/04/26-10:23:40.630067 7f7036de4700 [/version_set.cc:3732] Column family [default] (ID 0), log number is 21
2021/04/26-10:23:40.630074 7f7036de4700 [/version_set.cc:3732] Column family [Configuration] (ID 1), log number is 21
2021/04/26-10:23:40.634469 7f7036de4700 EVENT_LOG_v1 {"time_micros": 1619403820634463, "job": 1, "event": "recovery_started", "log_files": [27]}
2021/04/26-10:23:40.634480 7f7036de4700 [/db_impl_open.cc:578] Recovering log #27 mode 2
2021/04/26-10:23:40.640009 7f7036de4700 EVENT_LOG_v1 {"time_micros": 1619403820640000, "cf_name": "default", "job": 1, "event": "table_file_creation", "file_number": 32, "file_size": 723, "table_properties": {"data_size": 0, "index_size": 13, "filter_size": 0, "raw_key_size": 16, "raw_average_key_size": 0, "raw_value_size": 8, "raw_average_value_size": 0, "num_data_blocks": 0, "num_entries": 0, "filter_policy_name": ""}}
2021/04/26-10:23:40.641916 7f7036de4700 [/version_set.cc:3037] Creating manifest 33
2021/04/26-10:23:40.651494 7f7036de4700 EVENT_LOG_v1 {"time_micros": 1619403820651486, "cf_name": "Configuration", "job": 1, "event": "table_file_creation", "file_number": 34, "file_size": 729, "table_properties": {"data_size": 0, "index_size": 13, "filter_size": 0, "raw_key_size": 16, "raw_average_key_size": 0, "raw_value_size": 8, "raw_average_value_size": 0, "num_data_blocks": 0, "num_entries": 0, "filter_policy_name": ""}}
2021/04/26-10:23:40.653375 7f7036de4700 EVENT_LOG_v1 {"time_micros": 1619403820653372, "job": 1, "event": "recovery_finished"}
2021/04/26-10:23:40.664809 7f6f585ef700 [/compaction_job.cc:1688] [default] [JOB 3] Compacting 2@0 + 1@1 files to L1, score 1.00
2021/04/26-10:23:40.664822 7f6f585ef700 [/compaction_job.cc:1692] [default] Compaction start summary: Base version 4 Base level 0, inputs: [32(723B) 24(723B)], [17(723B)]
2021/04/26-10:23:40.664849 7f6f585ef700 EVENT_LOG_v1 {"time_micros": 1619403820664839, "job": 3, "event": "compaction_started", "compaction_reason": "LevelL0FilesNum", "files_L0": [32, 24], "files_L1": [17], "score": 1, "input_data_size": 2169}
2021/04/26-10:23:40.668555 7f6f585ef700 EVENT_LOG_v1 {"time_micros": 1619403820668493, "cf_name": "default", "job": 3, "event": "table_file_creation", "file_number": 0, "file_size": 0, "table_properties": {"data_size": 0, "index_size": 13, "filter_size": 0, "raw_key_size": 0, "raw_average_key_size": 0, "raw_value_size": 0, "raw_average_value_size": 0, "num_data_blocks": 0, "num_entries": 0, "filter_policy_name": ""}}
2021/04/26-10:23:40.668859 7f6f585ef700 [/compaction_job.cc:1440] [default] [JOB 3] Compacted 2@0 + 1@1 files to L1 => 657 bytes
2021/04/26-10:23:40.669455 7f6f585ef700 (Original Log Time 2021/04/26-10:23:40.669413) [/compaction_job.cc:762] [default] compacted to: files[0 1 0 0 0 0 0] max score 0.00, MB/sec: 0.6 rd, 0.0 wr, level 1, files in(2, 1) out(0) MB in(0.0, 0.0) out(0.0), read-write-amplify(1.5) write-amplify(0.0) OK, records in: 0, records dropped: 0 output_compression: NoCompression
2021/04/26-10:23:40.669458 7f6f585ef700 (Original Log Time 2021/04/26-10:23:40.669436) EVENT_LOG_v1 {"time_micros": 1619403820669423, "job": 3, "event": "compaction_finished", "compaction_time_micros": 3747, "output_level": 1, "num_output_files": 0, "total_output_size": 657, "num_input_records": 0, "num_output_records": 0, "num_subcompactions": 1, "output_compression": "NoCompression", "num_single_delete_mismatches": 0, "num_single_delete_fallthrough": 0, "lsm_state": [0, 1, 0, 0, 0, 0, 0]}
2021/04/26-10:23:40.670433 7f6f585ef700 EVENT_LOG_v1 {"time_micros": 1619403820670430, "job": 3, "event": "table_file_deletion", "file_number": 32}
2021/04/26-10:23:40.671536 7f7036de4700 [/db_impl_open.cc:1314] DB pointer 0x7f7030557820
2021/04/26-10:23:40.671675 7f6f585ef700 EVENT_LOG_v1 {"time_micros": 1619403820671665, "job": 3, "event": "table_file_deletion", "file_number": 24}
2021/04/26-10:23:40.672275 7f6f4dddc700 [WARN] [/db_impl.cc:669] ------- DUMPING STATS -------
2021/04/26-10:23:40.672324 7f6f4dddc700 [WARN] [/db_impl.cc:670] 
** DB Stats **
Uptime(secs): 0.1 total, 0.1 interval
Cumulative writes: 0 writes, 0 keys, 0 commit groups, 0.0 writes per commit group, ingest: 0.00 GB, 0.00 MB/s
Cumulative WAL: 0 writes, 0 syncs, 0.00 writes per sync, written: 0.00 GB, 0.00 MB/s
Cumulative stall: 00:00:0.000 H:M:S, 0.0 percent
Interval writes: 0 writes, 0 keys, 0 commit groups, 0.0 writes per commit group, ingest: 0.00 MB, 0.00 MB/s
Interval WAL: 0 writes, 0 syncs, 0.00 writes per sync, written: 0.00 MB, 0.00 MB/s
Interval stall: 00:00:0.000 H:M:S, 0.0 percent

** Compaction Stats [default] **
Level    Files   Size     Score Read(GB)  Rn(GB) Rnp1(GB) Write(GB) Wnew(GB) Moved(GB) W-Amp Rd(MB/s) Wr(MB/s) Comp(sec) Comp(cnt) Avg(sec) KeyIn KeyDrop
----------------------------------------------------------------------------------------------------------------------------------------------------------
  L0      0/0    0.00 KB   0.0      0.0     0.0      0.0       0.0      0.0       0.0   1.0      0.0      0.2         0         1    0.003       0      0
  L1      1/0    0.78 KB   0.0      0.0     0.0      0.0       0.0     -0.0       0.0   0.0      0.6      0.0         0         1    0.004       0      0
 Sum      1/0    0.78 KB   0.0      0.0     0.0      0.0       0.0      0.0       0.0   1.0      0.3      0.1         0         2    0.003       0      0
 Int      0/0    0.00 KB   0.0      0.0     0.0      0.0       0.0      0.0       0.0   1.0      0.3      0.1         0         2    0.003       0      0
Uptime(secs): 0.1 total, 0.1 interval
Flush(GB): cumulative 0.000, interval 0.000
AddFile(GB): cumulative 0.000, interval 0.000
AddFile(Total Files): cumulative 0, interval 0
AddFile(L0 Files): cumulative 0, interval 0
AddFile(Keys): cumulative 0, interval 0
Cumulative compaction: 0.00 GB write, 0.01 MB/s write, 0.00 GB read, 0.03 MB/s read, 0.0 seconds
Interval compaction: 0.00 GB write, 0.01 MB/s write, 0.00 GB read, 0.03 MB/s read, 0.0 seconds
Stalls(count): 0 level0_slowdown, 0 level0_slowdown_with_compaction, 0 level0_numfiles, 0 level0_numfiles_with_compaction, 0 stop for pending_compaction_bytes, 0 slowdown for pending_compaction_bytes, 0 memtable_compaction, 0 memtable_slowdown, interval 0 total count

** File Read Latency Histogram By Level [default] **
** Level 0 read latency histogram (micros):
Count: 10 Average: 57.4000  StdDev: 119.29
Min: 0  Median: 1.0000  Max: 374
Percentiles: P50: 1.00 P75: 3.50 P99: 367.00 P99.9: 374.00 P99.99: 374.00
------------------------------------------------------
[       0,       1 ]        5  50.000%  50.000% ##########
(       1,       2 ]        2  20.000%  70.000% ####
(       3,       4 ]        1  10.000%  80.000% ##
(     170,     250 ]        1  10.000%  90.000% ##
(     250,     380 ]        1  10.000% 100.000% ##

** Level 1 read latency histogram (micros):
Count: 9 Average: 113.3333  StdDev: 212.34
Min: 0  Median: 1.7500  Max: 583
Percentiles: P50: 1.75 P75: 2.88 P99: 583.00 P99.9: 583.00 P99.99: 583.00
------------------------------------------------------
[       0,       1 ]        3  33.333%  33.333% #######
(       1,       2 ]        2  22.222%  55.556% ####
(       2,       3 ]        2  22.222%  77.778% ####
(     380,     580 ]        1  11.111%  88.889% ##
(     580,     870 ]        1  11.111% 100.000% ##


** Compaction Stats [Configuration] **
Level    Files   Size     Score Read(GB)  Rn(GB) Rnp1(GB) Write(GB) Wnew(GB) Moved(GB) W-Amp Rd(MB/s) Wr(MB/s) Comp(sec) Comp(cnt) Avg(sec) KeyIn KeyDrop
----------------------------------------------------------------------------------------------------------------------------------------------------------
  L0      1/0    0.71 KB   0.5      0.0     0.0      0.0       0.0      0.0       0.0   1.0      0.0      0.2         0         1    0.003       0      0
  L1      2/0    1.56 KB   0.0      0.0     0.0      0.0       0.0      0.0       0.0   0.0      0.0      0.0         0         0    0.000       0      0
 Sum      3/0    2.27 KB   0.0      0.0     0.0      0.0       0.0      0.0       0.0   1.0      0.0      0.2         0         1    0.003       0      0
 Int      0/0    0.00 KB   0.0      0.0     0.0      0.0       0.0      0.0       0.0   1.0      0.0      0.2         0         1    0.003       0      0
Uptime(secs): 0.1 total, 0.1 interval
Flush(GB): cumulative 0.000, interval 0.000
AddFile(GB): cumulative 0.000, interval 0.000
AddFile(Total Files): cumulative 0, interval 0
AddFile(L0 Files): cumulative 0, interval 0
AddFile(Keys): cumulative 0, interval 0
Cumulative compaction: 0.00 GB write, 0.01 MB/s write, 0.00 GB read, 0.00 MB/s read, 0.0 seconds
Interval compaction: 0.00 GB write, 0.01 MB/s write, 0.00 GB read, 0.00 MB/s read, 0.0 seconds
Stalls(count): 0 level0_slowdown, 0 level0_slowdown_with_compaction, 0 level0_numfiles, 0 level0_numfiles_with_compaction, 0 stop for pending_compaction_bytes, 0 slowdown for pending_compaction_bytes, 0 memtable_compaction, 0 memtable_slowdown, interval 0 total count

** File Read Latency Histogram By Level [Configuration] **
** Level 0 read latency histogram (micros):
Count: 5 Average: 39.8000  StdDev: 76.10
Min: 1  Median: 1.5000  Max: 192
Percentiles: P50: 1.50 P75: 2.75 P99: 192.00 P99.9: 192.00 P99.99: 192.00
------------------------------------------------------
[       0,       1 ]        2  40.000%  40.000% ########
(       1,       2 ]        1  20.000%  60.000% ####
(       2,       3 ]        1  20.000%  80.000% ####
(     170,     250 ]        1  20.000% 100.000% ####

** Level 1 read latency histogram (micros):
Count: 8 Average: 118.5000  StdDev: 205.82
Min: 1  Median: 1.0000  Max: 570
Percentiles: P50: 1.00 P75: 22.00 P99: 564.00 P99.9: 570.00 P99.99: 570.00
------------------------------------------------------
[       0,       1 ]        4  50.000%  50.000% ##########
(       1,       2 ]        1  12.500%  62.500% ###
(      15,      22 ]        1  12.500%  75.000% ###
(     250,     380 ]        1  12.500%  87.500% ###
(     380,     580 ]        1  12.500% 100.000% ###


** Compaction Stats [default] **
Level    Files   Size     Score Read(GB)  Rn(GB) Rnp1(GB) Write(GB) Wnew(GB) Moved(GB) W-Amp Rd(MB/s) Wr(MB/s) Comp(sec) Comp(cnt) Avg(sec) KeyIn KeyDrop
----------------------------------------------------------------------------------------------------------------------------------------------------------
  L0      0/0    0.00 KB   0.0      0.0     0.0      0.0       0.0      0.0       0.0   1.0      0.0      0.2         0         1    0.003       0      0
  L1      1/0    0.78 KB   0.0      0.0     0.0      0.0       0.0     -0.0       0.0   0.0      0.6      0.0         0         1    0.004       0      0
 Sum      1/0    0.78 KB   0.0      0.0     0.0      0.0       0.0      0.0       0.0   1.0      0.3      0.1         0         2    0.003       0      0
 Int      0/0    0.00 KB   0.0      0.0     0.0      0.0       0.0      0.0       0.0   0.0      0.0      0.0         0         0    0.000       0      0
Uptime(secs): 0.1 total, 0.0 interval
Flush(GB): cumulative 0.000, interval 0.000
AddFile(GB): cumulative 0.000, interval 0.000
AddFile(Total Files): cumulative 0, interval 0
AddFile(L0 Files): cumulative 0, interval 0
AddFile(Keys): cumulative 0, interval 0
Cumulative compaction: 0.00 GB write, 0.01 MB/s write, 0.00 GB read, 0.03 MB/s read, 0.0 seconds
Interval compaction: 0.00 GB write, 0.00 MB/s write, 0.00 GB read, 0.00 MB/s read, 0.0 seconds
Stalls(count): 0 level0_slowdown, 0 level0_slowdown_with_compaction, 0 level0_numfiles, 0 level0_numfiles_with_compaction, 0 stop for pending_compaction_bytes, 0 slowdown for pending_compaction_bytes, 0 memtable_compaction, 0 memtable_slowdown, interval 0 total count

** File Read Latency Histogram By Level [default] **
** Level 0 read latency histogram (micros):
Count: 10 Average: 57.4000  StdDev: 119.29
Min: 0  Median: 1.0000  Max: 374
Percentiles: P50: 1.00 P75: 3.50 P99: 367.00 P99.9: 374.00 P99.99: 374.00
------------------------------------------------------
[       0,       1 ]        5  50.000%  50.000% ##########
(       1,       2 ]        2  20.000%  70.000% ####
(       3,       4 ]        1  10.000%  80.000% ##
(     170,     250 ]        1  10.000%  90.000% ##
(     250,     380 ]        1  10.000% 100.000% ##

** Level 1 read latency histogram (micros):
Count: 9 Average: 113.3333  StdDev: 212.34
Min: 0  Median: 1.7500  Max: 583
Percentiles: P50: 1.75 P75: 2.88 P99: 583.00 P99.9: 583.00 P99.99: 583.00
------------------------------------------------------
[       0,       1 ]        3  33.333%  33.333% #######
(       1,       2 ]        2  22.222%  55.556% ####
(       2,       3 ]        2  22.222%  77.778% ####
(     380,     580 ]        1  11.111%  88.889% ##
(     580,     870 ]        1  11.111% 100.000% ##


** Compaction Stats [Configuration] **
Level    Files   Size     Score Read(GB)  Rn(GB) Rnp1(GB) Write(GB) Wnew(GB) Moved(GB) W-Amp Rd(MB/s) Wr(MB/s) Comp(sec) Comp(cnt) Avg(sec) KeyIn KeyDrop
----------------------------------------------------------------------------------------------------------------------------------------------------------
  L0      1/0    0.71 KB   0.5      0.0     0.0      0.0       0.0      0.0       0.0   1.0      0.0      0.2         0         1    0.003       0      0
  L1      2/0    1.56 KB   0.0      0.0     0.0      0.0       0.0      0.0       0.0   0.0      0.0      0.0         0         0    0.000       0      0
 Sum      3/0    2.27 KB   0.0      0.0     0.0      0.0       0.0      0.0       0.0   1.0      0.0      0.2         0         1    0.003       0      0
 Int      0/0    0.00 KB   0.0      0.0     0.0      0.0       0.0      0.0       0.0   0.0      0.0      0.0         0         0    0.000       0      0
Uptime(secs): 0.1 total, 0.0 interval
Flush(GB): cumulative 0.000, interval 0.000
AddFile(GB): cumulative 0.000, interval 0.000
AddFile(Total Files): cumulative 0, interval 0
AddFile(L0 Files): cumulative 0, interval 0
AddFile(Keys): cumulative 0, interval 0
Cumulative compaction: 0.00 GB write, 0.01 MB/s write, 0.00 GB read, 0.00 MB/s read, 0.0 seconds
Interval compaction: 0.00 GB write, 0.00 MB/s write, 0.00 GB read, 0.00 MB/s read, 0.0 seconds
Stalls(count): 0 level0_slowdown, 0 level0_slowdown_with_compaction, 0 level0_numfiles, 0 level0_numfiles_with_compaction, 0 stop for pending_compaction_bytes, 0 slowdown for pending_compaction_bytes, 0 memtable_compaction, 0 memtable_slowdown, interval 0 total count

** File Read Latency Histogram By Level [Configuration] **
** Level 0 read latency histogram (micros):
Count: 5 Average: 39.8000  StdDev: 76.10
Min: 1  Median: 1.5000  Max: 192
Percentiles: P50: 1.50 P75: 2.75 P99: 192.00 P99.9: 192.00 P99.99: 192.00
------------------------------------------------------
[       0,       1 ]        2  40.000%  40.000% ########
(       1,       2 ]        1  20.000%  60.000% ####
(       2,       3 ]        1  20.000%  80.000% ####
(     170,     250 ]        1  20.000% 100.000% ####

** Level 1 read latency histogram (micros):
Count: 8 Average: 118.5000  StdDev: 205.82
Min: 1  Median: 1.0000  Max: 570
Percentiles: P50: 1.00 P75: 22.00 P99: 564.00 P99.9: 570.00 P99.99: 570.00
------------------------------------------------------
