2021/04/26-10:23:40.374961 7f7036de4700 RocksDB version: 5.18.4
2021/04/26-10:23:40.375520 7f7036de4700 Git sha rocksdb_build_git_sha:
2021/04/26-10:23:40.375526 7f7036de4700 Compile date Mar 11 2020
2021/04/26-10:23:40.375530 7f7036de4700 DB SUMMARY
2021/04/26-10:23:40.377408 7f7036de4700 CURRENT file:  CURRENT
2021/04/26-10:23:40.377412 7f7036de4700 IDENTITY file:  IDENTITY
2021/04/26-10:23:40.377946 7f7036de4700 MANIFEST file:  MANIFEST-000025 size: 475 Bytes
2021/04/26-10:23:40.377953 7f7036de4700 SST files in /home/nacos/data/protocol/raft/naming_persistent_service_v2/log dir, Total Num: 5, files: 000006.sst 000008.sst 000012.sst 000017.sst 000024.sst 
2021/04/26-10:23:40.377955 7f7036de4700 Write Ahead Log file in /home/nacos/data/protocol/raft/naming_persistent_service_v2/log: 000027.log size: 77 ; 
2021/04/26-10:23:40.377960 7f7036de4700                         Options.error_if_exists: 0
2021/04/26-10:23:40.377961 7f7036de4700                       Options.create_if_missing: 1
2021/04/26-10:23:40.377962 7f7036de4700                         Options.paranoid_checks: 1
2021/04/26-10:23:40.377963 7f7036de4700                                     Options.env: 0x7f6f58ec4fa0
2021/04/26-10:23:40.377964 7f7036de4700                                Options.info_log: 0x7f7031284070
2021/04/26-10:23:40.377965 7f7036de4700                Options.max_file_opening_threads: 16
2021/04/26-10:23:40.377966 7f7036de4700                              Options.statistics: 0x7f7030fded50
2021/04/26-10:23:40.377967 7f7036de4700                               Options.use_fsync: 0
2021/04/26-10:23:40.377968 7f7036de4700                       Options.max_log_file_size: 0
2021/04/26-10:23:40.377969 7f7036de4700                  Options.max_manifest_file_size: 1073741824
2021/04/26-10:23:40.377970 7f7036de4700                   Options.log_file_time_to_roll: 0
2021/04/26-10:23:40.377971 7f7036de4700                       Options.keep_log_file_num: 1000
2021/04/26-10:23:40.377972 7f7036de4700                    Options.recycle_log_file_num: 0
2021/04/26-10:23:40.377973 7f7036de4700                         Options.allow_fallocate: 1
2021/04/26-10:23:40.377974 7f7036de4700                        Options.allow_mmap_reads: 0
2021/04/26-10:23:40.377975 7f7036de4700                       Options.allow_mmap_writes: 0
2021/04/26-10:23:40.377976 7f7036de4700                        Options.use_direct_reads: 0
2021/04/26-10:23:40.377977 7f7036de4700                        Options.use_direct_io_for_flush_and_compaction: 0
2021/04/26-10:23:40.377978 7f7036de4700          Options.create_missing_column_families: 1
2021/04/26-10:23:40.377979 7f7036de4700                              Options.db_log_dir: 
2021/04/26-10:23:40.377980 7f7036de4700                                 Options.wal_dir: /home/nacos/data/protocol/raft/naming_persistent_service_v2/log
2021/04/26-10:23:40.377981 7f7036de4700                Options.table_cache_numshardbits: 6
2021/04/26-10:23:40.377982 7f7036de4700                      Options.max_subcompactions: 1
2021/04/26-10:23:40.377983 7f7036de4700                  Options.max_background_flushes: 1
2021/04/26-10:23:40.377984 7f7036de4700                         Options.WAL_ttl_seconds: 0
2021/04/26-10:23:40.377985 7f7036de4700                       Options.WAL_size_limit_MB: 0
2021/04/26-10:23:40.377986 7f7036de4700             Options.manifest_preallocation_size: 4194304
2021/04/26-10:23:40.377987 7f7036de4700                     Options.is_fd_close_on_exec: 1
2021/04/26-10:23:40.377988 7f7036de4700                   Options.advise_random_on_open: 1
2021/04/26-10:23:40.377989 7f7036de4700                    Options.db_write_buffer_size: 0
2021/04/26-10:23:40.377990 7f7036de4700                    Options.write_buffer_manager: 0x7f7030434770
2021/04/26-10:23:40.377991 7f7036de4700         Options.access_hint_on_compaction_start: 1
2021/04/26-10:23:40.377992 7f7036de4700  Options.new_table_reader_for_compaction_inputs: 0
2021/04/26-10:23:40.377993 7f7036de4700           Options.random_access_max_buffer_size: 1048576
2021/04/26-10:23:40.377994 7f7036de4700                      Options.use_adaptive_mutex: 0
2021/04/26-10:23:40.378263 7f7036de4700                            Options.rate_limiter: (nil)
2021/04/26-10:23:40.378269 7f7036de4700     Options.sst_file_manager.rate_bytes_per_sec: 0
2021/04/26-10:23:40.378270 7f7036de4700                       Options.wal_recovery_mode: 2
2021/04/26-10:23:40.378271 7f7036de4700                  Options.enable_thread_tracking: 0
2021/04/26-10:23:40.378272 7f7036de4700                  Options.enable_pipelined_write: 0
2021/04/26-10:23:40.378273 7f7036de4700         Options.allow_concurrent_memtable_write: 1
2021/04/26-10:23:40.378274 7f7036de4700      Options.enable_write_thread_adaptive_yield: 1
2021/04/26-10:23:40.378275 7f7036de4700             Options.write_thread_max_yield_usec: 100
2021/04/26-10:23:40.378276 7f7036de4700            Options.write_thread_slow_yield_usec: 3
2021/04/26-10:23:40.378277 7f7036de4700                               Options.row_cache: None
2021/04/26-10:23:40.378278 7f7036de4700                              Options.wal_filter: None
2021/04/26-10:23:40.378280 7f7036de4700             Options.avoid_flush_during_recovery: 0
2021/04/26-10:23:40.378280 7f7036de4700             Options.allow_ingest_behind: 0
2021/04/26-10:23:40.378281 7f7036de4700             Options.preserve_deletes: 0
2021/04/26-10:23:40.378283 7f7036de4700             Options.two_write_queues: 0
2021/04/26-10:23:40.378283 7f7036de4700             Options.manual_wal_flush: 0
2021/04/26-10:23:40.378285 7f7036de4700             Options.max_background_jobs: 2
2021/04/26-10:23:40.378286 7f7036de4700             Options.max_background_compactions: 4
2021/04/26-10:23:40.378287 7f7036de4700             Options.avoid_flush_during_shutdown: 0
2021/04/26-10:23:40.378288 7f7036de4700           Options.writable_file_max_buffer_size: 1048576
2021/04/26-10:23:40.378289 7f7036de4700             Options.delayed_write_rate : 16777216
2021/04/26-10:23:40.378290 7f7036de4700             Options.max_total_wal_size: 0
2021/04/26-10:23:40.378291 7f7036de4700             Options.delete_obsolete_files_period_micros: 21600000000
2021/04/26-10:23:40.378292 7f7036de4700                   Options.stats_dump_period_sec: 600
2021/04/26-10:23:40.378293 7f7036de4700                          Options.max_open_files: -1
2021/04/26-10:23:40.378295 7f7036de4700                          Options.bytes_per_sync: 0
2021/04/26-10:23:40.378296 7f7036de4700                      Options.wal_bytes_per_sync: 0
2021/04/26-10:23:40.378296 7f7036de4700       Options.compaction_readahead_size: 0
2021/04/26-10:23:40.378298 7f7036de4700 Compression algorithms supported:
2021/04/26-10:23:40.378299 7f7036de4700 	kZSTDNotFinalCompression supported: 1
2021/04/26-10:23:40.378306 7f7036de4700 	kZSTD supported: 1
2021/04/26-10:23:40.378308 7f7036de4700 	kXpressCompression supported: 0
2021/04/26-10:23:40.378309 7f7036de4700 	kLZ4HCCompression supported: 1
2021/04/26-10:23:40.378310 7f7036de4700 	kLZ4Compression supported: 1
2021/04/26-10:23:40.378311 7f7036de4700 	kBZip2Compression supported: 1
2021/04/26-10:23:40.378312 7f7036de4700 	kZlibCompression supported: 1
2021/04/26-10:23:40.378313 7f7036de4700 	kSnappyCompression supported: 1
2021/04/26-10:23:40.378319 7f7036de4700 Fast CRC32 supported: Not supported on x86
2021/04/26-10:23:40.384238 7f7036de4700 [/version_set.cc:3508] Recovering from manifest file: MANIFEST-000025
2021/04/26-10:23:40.385023 7f7036de4700 [/column_family.cc:474] --------------- Options for column family [default]:
2021/04/26-10:23:40.385029 7f7036de4700               Options.comparator: leveldb.BytewiseComparator
2021/04/26-10:23:40.385030 7f7036de4700           Options.merge_operator: StringAppendOperator
2021/04/26-10:23:40.385032 7f7036de4700        Options.compaction_filter: None
2021/04/26-10:23:40.385033 7f7036de4700        Options.compaction_filter_factory: None
2021/04/26-10:23:40.385034 7f7036de4700         Options.memtable_factory: SkipListFactory
2021/04/26-10:23:40.385035 7f7036de4700            Options.table_factory: BlockBasedTable
2021/04/26-10:23:40.385055 7f7036de4700            table_factory options:   flush_block_policy_factory: FlushBlockBySizePolicyFactory (0x7f7031c2e1a0)
  cache_index_and_filter_blocks: 0
  cache_index_and_filter_blocks_with_high_priority: 1
  pin_l0_filter_and_index_blocks_in_cache: 1
  pin_top_level_index_and_filter: 1
  index_type: 2
  hash_index_allow_collision: 1
  checksum: 1
  no_block_cache: 0
  block_cache: 0x7f7030b5a330
  block_cache_name: LRUCache
  block_cache_options:
    capacity : 536870912
    num_shard_bits : 8
    strict_capacity_limit : 0
    memory_allocator : None
    high_pri_pool_ratio: 0.000
  block_cache_compressed: (nil)
  persistent_cache: (nil)
  block_size: 4096
  block_size_deviation: 10
  block_restart_interval: 16
  index_block_restart_interval: 1
  metadata_block_size: 8192
  partition_filters: 1
  use_delta_encoding: 1
  filter_policy: nullptr
  whole_key_filtering: 1
  verify_compression: 0
  read_amp_bytes_per_bit: 0
  format_version: 0
  enable_index_compression: 1
  block_align: 0
2021/04/26-10:23:40.385332 7f7036de4700        Options.write_buffer_size: 134217728
2021/04/26-10:23:40.385337 7f7036de4700  Options.max_write_buffer_number: 6
2021/04/26-10:23:40.385340 7f7036de4700        Options.compression[0]: NoCompression
2021/04/26-10:23:40.385342 7f7036de4700        Options.compression[1]: NoCompression
2021/04/26-10:23:40.385343 7f7036de4700        Options.compression[2]: Snappy
2021/04/26-10:23:40.385344 7f7036de4700        Options.compression[3]: Snappy
2021/04/26-10:23:40.385345 7f7036de4700        Options.compression[4]: Snappy
2021/04/26-10:23:40.385346 7f7036de4700        Options.compression[5]: Snappy
2021/04/26-10:23:40.385347 7f7036de4700        Options.compression[6]: Snappy
2021/04/26-10:23:40.385348 7f7036de4700                  Options.bottommost_compression: Disabled
2021/04/26-10:23:40.385350 7f7036de4700       Options.prefix_extractor: rocksdb.FixedPrefix.8
2021/04/26-10:23:40.385351 7f7036de4700   Options.memtable_insert_with_hint_prefix_extractor: nullptr
2021/04/26-10:23:40.385352 7f7036de4700             Options.num_levels: 7
2021/04/26-10:23:40.385353 7f7036de4700        Options.min_write_buffer_number_to_merge: 2
2021/04/26-10:23:40.385354 7f7036de4700     Options.max_write_buffer_number_to_maintain: 0
2021/04/26-10:23:40.385355 7f7036de4700            Options.bottommost_compression_opts.window_bits: -14
2021/04/26-10:23:40.385356 7f7036de4700                  Options.bottommost_compression_opts.level: 32767
2021/04/26-10:23:40.385357 7f7036de4700               Options.bottommost_compression_opts.strategy: 0
2021/04/26-10:23:40.385358 7f7036de4700         Options.bottommost_compression_opts.max_dict_bytes: 0
2021/04/26-10:23:40.385359 7f7036de4700         Options.bottommost_compression_opts.zstd_max_train_bytes: 0
2021/04/26-10:23:40.385360 7f7036de4700                  Options.bottommost_compression_opts.enabled: false
2021/04/26-10:23:40.385362 7f7036de4700            Options.compression_opts.window_bits: -14
2021/04/26-10:23:40.385363 7f7036de4700                  Options.compression_opts.level: 32767
2021/04/26-10:23:40.385364 7f7036de4700               Options.compression_opts.strategy: 0
2021/04/26-10:23:40.385365 7f7036de4700         Options.compression_opts.max_dict_bytes: 0
2021/04/26-10:23:40.385366 7f7036de4700         Options.compression_opts.zstd_max_train_bytes: 0
2021/04/26-10:23:40.385367 7f7036de4700                  Options.compression_opts.enabled: false
2021/04/26-10:23:40.385367 7f7036de4700      Options.level0_file_num_compaction_trigger: 2
2021/04/26-10:23:40.385368 7f7036de4700          Options.level0_slowdown_writes_trigger: 20
2021/04/26-10:23:40.385370 7f7036de4700              Options.level0_stop_writes_trigger: 40
2021/04/26-10:23:40.385370 7f7036de4700                   Options.target_file_size_base: 67108864
2021/04/26-10:23:40.385372 7f7036de4700             Options.target_file_size_multiplier: 1
2021/04/26-10:23:40.385372 7f7036de4700                Options.max_bytes_for_level_base: 536870912
2021/04/26-10:23:40.385374 7f7036de4700 Options.level_compaction_dynamic_level_bytes: 0
2021/04/26-10:23:40.385375 7f7036de4700          Options.max_bytes_for_level_multiplier: 10.000000
2021/04/26-10:23:40.385685 7f7036de4700 Options.max_bytes_for_level_multiplier_addtl[0]: 1
2021/04/26-10:23:40.385689 7f7036de4700 Options.max_bytes_for_level_multiplier_addtl[1]: 1
2021/04/26-10:23:40.385690 7f7036de4700 Options.max_bytes_for_level_multiplier_addtl[2]: 1
2021/04/26-10:23:40.385691 7f7036de4700 Options.max_bytes_for_level_multiplier_addtl[3]: 1
2021/04/26-10:23:40.385692 7f7036de4700 Options.max_bytes_for_level_multiplier_addtl[4]: 1
2021/04/26-10:23:40.385693 7f7036de4700 Options.max_bytes_for_level_multiplier_addtl[5]: 1
2021/04/26-10:23:40.385694 7f7036de4700 Options.max_bytes_for_level_multiplier_addtl[6]: 1
2021/04/26-10:23:40.385695 7f7036de4700       Options.max_sequential_skip_in_iterations: 8
2021/04/26-10:23:40.385696 7f7036de4700                    Options.max_compaction_bytes: 1677721600
2021/04/26-10:23:40.385697 7f7036de4700                        Options.arena_block_size: 16777216
2021/04/26-10:23:40.385698 7f7036de4700   Options.soft_pending_compaction_bytes_limit: 68719476736
2021/04/26-10:23:40.385699 7f7036de4700   Options.hard_pending_compaction_bytes_limit: 274877906944
2021/04/26-10:23:40.385700 7f7036de4700       Options.rate_limit_delay_max_milliseconds: 100
2021/04/26-10:23:40.385702 7f7036de4700                Options.disable_auto_compactions: 0
2021/04/26-10:23:40.385703 7f7036de4700                        Options.compaction_style: kCompactionStyleLevel
2021/04/26-10:23:40.385705 7f7036de4700                          Options.compaction_pri: kByCompensatedSize
2021/04/26-10:23:40.385706 7f7036de4700 Options.compaction_options_universal.size_ratio: 1
2021/04/26-10:23:40.385708 7f7036de4700 Options.compaction_options_universal.min_merge_width: 2
2021/04/26-10:23:40.385709 7f7036de4700 Options.compaction_options_universal.max_merge_width: 4294967295
2021/04/26-10:23:40.385710 7f7036de4700 Options.compaction_options_universal.max_size_amplification_percent: 200
2021/04/26-10:23:40.385711 7f7036de4700 Options.compaction_options_universal.compression_size_percent: -1
2021/04/26-10:23:40.385712 7f7036de4700 Options.compaction_options_universal.stop_style: kCompactionStopStyleTotalSize
2021/04/26-10:23:40.385713 7f7036de4700 Options.compaction_options_fifo.max_table_files_size: 1073741824
2021/04/26-10:23:40.385714 7f7036de4700 Options.compaction_options_fifo.allow_compaction: 0
2021/04/26-10:23:40.385715 7f7036de4700 Options.compaction_options_fifo.ttl: 0
2021/04/26-10:23:40.385716 7f7036de4700                   Options.table_properties_collectors: 
2021/04/26-10:23:40.385717 7f7036de4700                   Options.inplace_update_support: 0
2021/04/26-10:23:40.385718 7f7036de4700                 Options.inplace_update_num_locks: 10000
2021/04/26-10:23:40.385719 7f7036de4700               Options.memtable_prefix_bloom_size_ratio: 0.125000
2021/04/26-10:23:40.385721 7f7036de4700   Options.memtable_huge_page_size: 0
2021/04/26-10:23:40.385722 7f7036de4700                           Options.bloom_locality: 0
2021/04/26-10:23:40.385723 7f7036de4700                    Options.max_successive_merges: 0
2021/04/26-10:23:40.385724 7f7036de4700                Options.optimize_filters_for_hits: 0
2021/04/26-10:23:40.385725 7f7036de4700                Options.paranoid_file_checks: 0
2021/04/26-10:23:40.385726 7f7036de4700                Options.force_consistency_checks: 1
2021/04/26-10:23:40.385727 7f7036de4700                Options.report_bg_io_stats: 0
2021/04/26-10:23:40.385728 7f7036de4700                               Options.ttl: 0
2021/04/26-10:23:40.391897 7f7036de4700 [/column_family.cc:474] --------------- Options for column family [Configuration]:
2021/04/26-10:23:40.391906 7f7036de4700               Options.comparator: leveldb.BytewiseComparator
2021/04/26-10:23:40.391908 7f7036de4700           Options.merge_operator: StringAppendOperator
2021/04/26-10:23:40.391909 7f7036de4700        Options.compaction_filter: None
2021/04/26-10:23:40.391910 7f7036de4700        Options.compaction_filter_factory: None
2021/04/26-10:23:40.391911 7f7036de4700         Options.memtable_factory: SkipListFactory
2021/04/26-10:23:40.392287 7f7036de4700            Options.table_factory: BlockBasedTable
2021/04/26-10:23:40.392311 7f7036de4700            table_factory options:   flush_block_policy_factory: FlushBlockBySizePolicyFactory (0x7f7031c2e1a0)
  cache_index_and_filter_blocks: 0
  cache_index_and_filter_blocks_with_high_priority: 1
  pin_l0_filter_and_index_blocks_in_cache: 1
  pin_top_level_index_and_filter: 1
  index_type: 2
  hash_index_allow_collision: 1
  checksum: 1
  no_block_cache: 0
  block_cache: 0x7f7030b5a330
  block_cache_name: LRUCache
  block_cache_options:
    capacity : 536870912
    num_shard_bits : 8
    strict_capacity_limit : 0
    memory_allocator : None
    high_pri_pool_ratio: 0.000
  block_cache_compressed: (nil)
  persistent_cache: (nil)
  block_size: 4096
  block_size_deviation: 10
  block_restart_interval: 16
  index_block_restart_interval: 1
  metadata_block_size: 8192
  partition_filters: 1
  use_delta_encoding: 1
  filter_policy: nullptr
  whole_key_filtering: 1
  verify_compression: 0
  read_amp_bytes_per_bit: 0
  format_version: 0
  enable_index_compression: 1
  block_align: 0
2021/04/26-10:23:40.392314 7f7036de4700        Options.write_buffer_size: 134217728
2021/04/26-10:23:40.392315 7f7036de4700  Options.max_write_buffer_number: 6
2021/04/26-10:23:40.392316 7f7036de4700        Options.compression[0]: NoCompression
2021/04/26-10:23:40.392318 7f7036de4700        Options.compression[1]: NoCompression
2021/04/26-10:23:40.392319 7f7036de4700        Options.compression[2]: Snappy
2021/04/26-10:23:40.392320 7f7036de4700        Options.compression[3]: Snappy
2021/04/26-10:23:40.392321 7f7036de4700        Options.compression[4]: Snappy
2021/04/26-10:23:40.392322 7f7036de4700        Options.compression[5]: Snappy
2021/04/26-10:23:40.392323 7f7036de4700        Options.compression[6]: Snappy
2021/04/26-10:23:40.392325 7f7036de4700                  Options.bottommost_compression: Disabled
2021/04/26-10:23:40.392326 7f7036de4700       Options.prefix_extractor: rocksdb.FixedPrefix.8
2021/04/26-10:23:40.392327 7f7036de4700   Options.memtable_insert_with_hint_prefix_extractor: nullptr
2021/04/26-10:23:40.392328 7f7036de4700             Options.num_levels: 7
2021/04/26-10:23:40.392330 7f7036de4700        Options.min_write_buffer_number_to_merge: 2
2021/04/26-10:23:40.392331 7f7036de4700     Options.max_write_buffer_number_to_maintain: 0
2021/04/26-10:23:40.392332 7f7036de4700            Options.bottommost_compression_opts.window_bits: -14
2021/04/26-10:23:40.392333 7f7036de4700                  Options.bottommost_compression_opts.level: 32767
2021/04/26-10:23:40.392334 7f7036de4700               Options.bottommost_compression_opts.strategy: 0
2021/04/26-10:23:40.392335 7f7036de4700         Options.bottommost_compression_opts.max_dict_bytes: 0
2021/04/26-10:23:40.392336 7f7036de4700         Options.bottommost_compression_opts.zstd_max_train_bytes: 0
2021/04/26-10:23:40.392337 7f7036de4700                  Options.bottommost_compression_opts.enabled: false
2021/04/26-10:23:40.392338 7f7036de4700            Options.compression_opts.window_bits: -14
2021/04/26-10:23:40.392339 7f7036de4700                  Options.compression_opts.level: 32767
2021/04/26-10:23:40.392340 7f7036de4700               Options.compression_opts.strategy: 0
2021/04/26-10:23:40.392341 7f7036de4700         Options.compression_opts.max_dict_bytes: 0
2021/04/26-10:23:40.392342 7f7036de4700         Options.compression_opts.zstd_max_train_bytes: 0
2021/04/26-10:23:40.392343 7f7036de4700                  Options.compression_opts.enabled: false
2021/04/26-10:23:40.392344 7f7036de4700      Options.level0_file_num_compaction_trigger: 2
2021/04/26-10:23:40.392345 7f7036de4700          Options.level0_slowdown_writes_trigger: 20
2021/04/26-10:23:40.392346 7f7036de4700              Options.level0_stop_writes_trigger: 40
2021/04/26-10:23:40.392347 7f7036de4700                   Options.target_file_size_base: 67108864
2021/04/26-10:23:40.392348 7f7036de4700             Options.target_file_size_multiplier: 1
2021/04/26-10:23:40.392726 7f7036de4700                Options.max_bytes_for_level_base: 536870912
2021/04/26-10:23:40.392730 7f7036de4700 Options.level_compaction_dynamic_level_bytes: 0
2021/04/26-10:23:40.392731 7f7036de4700          Options.max_bytes_for_level_multiplier: 10.000000
2021/04/26-10:23:40.392734 7f7036de4700 Options.max_bytes_for_level_multiplier_addtl[0]: 1
2021/04/26-10:23:40.392735 7f7036de4700 Options.max_bytes_for_level_multiplier_addtl[1]: 1
2021/04/26-10:23:40.392736 7f7036de4700 Options.max_bytes_for_level_multiplier_addtl[2]: 1
2021/04/26-10:23:40.392737 7f7036de4700 Options.max_bytes_for_level_multiplier_addtl[3]: 1
2021/04/26-10:23:40.392738 7f7036de4700 Options.max_bytes_for_level_multiplier_addtl[4]: 1
2021/04/26-10:23:40.392739 7f7036de4700 Options.max_bytes_for_level_multiplier_addtl[5]: 1
2021/04/26-10:23:40.392740 7f7036de4700 Options.max_bytes_for_level_multiplier_addtl[6]: 1
2021/04/26-10:23:40.392741 7f7036de4700       Options.max_sequential_skip_in_iterations: 8
2021/04/26-10:23:40.392742 7f7036de4700                    Options.max_compaction_bytes: 1677721600
2021/04/26-10:23:40.392743 7f7036de4700                        Options.arena_block_size: 16777216
2021/04/26-10:23:40.392744 7f7036de4700   Options.soft_pending_compaction_bytes_limit: 68719476736
2021/04/26-10:23:40.392745 7f7036de4700   Options.hard_pending_compaction_bytes_limit: 274877906944
2021/04/26-10:23:40.392746 7f7036de4700       Options.rate_limit_delay_max_milliseconds: 100
2021/04/26-10:23:40.392748 7f7036de4700                Options.disable_auto_compactions: 0
2021/04/26-10:23:40.392749 7f7036de4700                        Options.compaction_style: kCompactionStyleLevel
2021/04/26-10:23:40.392751 7f7036de4700                          Options.compaction_pri: kByCompensatedSize
2021/04/26-10:23:40.392752 7f7036de4700 Options.compaction_options_universal.size_ratio: 1
2021/04/26-10:23:40.392753 7f7036de4700 Options.compaction_options_universal.min_merge_width: 2
2021/04/26-10:23:40.392754 7f7036de4700 Options.compaction_options_universal.max_merge_width: 4294967295
2021/04/26-10:23:40.392755 7f7036de4700 Options.compaction_options_universal.max_size_amplification_percent: 200
2021/04/26-10:23:40.392756 7f7036de4700 Options.compaction_options_universal.compression_size_percent: -1
2021/04/26-10:23:40.392757 7f7036de4700 Options.compaction_options_universal.stop_style: kCompactionStopStyleTotalSize
2021/04/26-10:23:40.392758 7f7036de4700 Options.compaction_options_fifo.max_table_files_size: 1073741824
2021/04/26-10:23:40.392759 7f7036de4700 Options.compaction_options_fifo.allow_compaction: 0
2021/04/26-10:23:40.392760 7f7036de4700 Options.compaction_options_fifo.ttl: 0
2021/04/26-10:23:40.392761 7f7036de4700                   Options.table_properties_collectors: 
2021/04/26-10:23:40.392763 7f7036de4700                   Options.inplace_update_support: 0
2021/04/26-10:23:40.392764 7f7036de4700                 Options.inplace_update_num_locks: 10000
2021/04/26-10:23:40.392765 7f7036de4700               Options.memtable_prefix_bloom_size_ratio: 0.125000
2021/04/26-10:23:40.392766 7f7036de4700   Options.memtable_huge_page_size: 0
2021/04/26-10:23:40.392767 7f7036de4700                           Options.bloom_locality: 0
2021/04/26-10:23:40.392768 7f7036de4700                    Options.max_successive_merges: 0
2021/04/26-10:23:40.392769 7f7036de4700                Options.optimize_filters_for_hits: 0
2021/04/26-10:23:40.392770 7f7036de4700                Options.paranoid_file_checks: 0
2021/04/26-10:23:40.392771 7f7036de4700                Options.force_consistency_checks: 1
2021/04/26-10:23:40.392772 7f7036de4700                Options.report_bg_io_stats: 0
2021/04/26-10:23:40.392773 7f7036de4700                               Options.ttl: 0
2021/04/26-10:23:40.405728 7f7036de4700 [/version_set.cc:3724] Recovered from manifest file:/home/nacos/data/protocol/raft/naming_persistent_service_v2/log/MANIFEST-000025 succeeded,manifest_file_number is 25, next_file_number is 32, last_sequence is 7, log_number is 0,prev_log_number is 0,max_column_family is 1,min_log_number_to_keep is 0
2021/04/26-10:23:40.406004 7f7036de4700 [/version_set.cc:3732] Column family [default] (ID 0), log number is 21
2021/04/26-10:23:40.406009 7f7036de4700 [/version_set.cc:3732] Column family [Configuration] (ID 1), log number is 21
2021/04/26-10:23:40.410158 7f7036de4700 EVENT_LOG_v1 {"time_micros": 1619403820410149, "job": 1, "event": "recovery_started", "log_files": [27]}
2021/04/26-10:23:40.410174 7f7036de4700 [/db_impl_open.cc:578] Recovering log #27 mode 2
2021/04/26-10:23:40.414842 7f7036de4700 EVENT_LOG_v1 {"time_micros": 1619403820414833, "cf_name": "default", "job": 1, "event": "table_file_creation", "file_number": 32, "file_size": 723, "table_properties": {"data_size": 0, "index_size": 13, "filter_size": 0, "raw_key_size": 16, "raw_average_key_size": 0, "raw_value_size": 8, "raw_average_value_size": 0, "num_data_blocks": 0, "num_entries": 0, "filter_policy_name": ""}}
2021/04/26-10:23:40.420409 7f7036de4700 [/version_set.cc:3037] Creating manifest 33
2021/04/26-10:23:40.429357 7f7036de4700 EVENT_LOG_v1 {"time_micros": 1619403820429348, "cf_name": "Configuration", "job": 1, "event": "table_file_creation", "file_number": 34, "file_size": 729, "table_properties": {"data_size": 0, "index_size": 13, "filter_size": 0, "raw_key_size": 16, "raw_average_key_size": 0, "raw_value_size": 8, "raw_average_value_size": 0, "num_data_blocks": 0, "num_entries": 0, "filter_policy_name": ""}}
2021/04/26-10:23:40.435944 7f7036de4700 EVENT_LOG_v1 {"time_micros": 1619403820435939, "job": 1, "event": "recovery_finished"}
2021/04/26-10:23:40.448978 7f6f56dec700 [/compaction_job.cc:1688] [default] [JOB 3] Compacting 2@0 + 1@1 files to L1, score 1.00
2021/04/26-10:23:40.448992 7f6f56dec700 [/compaction_job.cc:1692] [default] Compaction start summary: Base version 4 Base level 0, inputs: [32(723B) 24(723B)], [17(723B)]
2021/04/26-10:23:40.449014 7f6f56dec700 EVENT_LOG_v1 {"time_micros": 1619403820449001, "job": 3, "event": "compaction_started", "compaction_reason": "LevelL0FilesNum", "files_L0": [32, 24], "files_L1": [17], "score": 1, "input_data_size": 2169}
2021/04/26-10:23:40.452477 7f6f56dec700 EVENT_LOG_v1 {"time_micros": 1619403820452468, "cf_name": "default", "job": 3, "event": "table_file_creation", "file_number": 0, "file_size": 0, "table_properties": {"data_size": 0, "index_size": 13, "filter_size": 0, "raw_key_size": 0, "raw_average_key_size": 0, "raw_value_size": 0, "raw_average_value_size": 0, "num_data_blocks": 0, "num_entries": 0, "filter_policy_name": ""}}
2021/04/26-10:23:40.452832 7f6f56dec700 [/compaction_job.cc:1440] [default] [JOB 3] Compacted 2@0 + 1@1 files to L1 => 657 bytes
2021/04/26-10:23:40.453540 7f6f56dec700 (Original Log Time 2021/04/26-10:23:40.453484) [/compaction_job.cc:762] [default] compacted to: files[0 1 0 0 0 0 0] max score 0.00, MB/sec: 0.6 rd, 0.0 wr, level 1, files in(2, 1) out(0) MB in(0.0, 0.0) out(0.0), read-write-amplify(1.5) write-amplify(0.0) OK, records in: 0, records dropped: 0 output_compression: NoCompression
2021/04/26-10:23:40.453543 7f6f56dec700 (Original Log Time 2021/04/26-10:23:40.453502) EVENT_LOG_v1 {"time_micros": 1619403820453494, "job": 3, "event": "compaction_finished", "compaction_time_micros": 3477, "output_level": 1, "num_output_files": 0, "total_output_size": 657, "num_input_records": 0, "num_output_records": 0, "num_subcompactions": 1, "output_compression": "NoCompression", "num_single_delete_mismatches": 0, "num_single_delete_fallthrough": 0, "lsm_state": [0, 1, 0, 0, 0, 0, 0]}
2021/04/26-10:23:40.454634 7f6f56dec700 EVENT_LOG_v1 {"time_micros": 1619403820454631, "job": 3, "event": "table_file_deletion", "file_number": 32}
2021/04/26-10:23:40.455174 7f7036de4700 [/db_impl_open.cc:1314] DB pointer 0x7f7031282b40
2021/04/26-10:23:40.455455 7f6f56dec700 EVENT_LOG_v1 {"time_micros": 1619403820455453, "job": 3, "event": "table_file_deletion", "file_number": 24}
2021/04/26-10:23:40.456025 7f6f4e5dd700 [WARN] [/db_impl.cc:669] ------- DUMPING STATS -------
2021/04/26-10:23:40.456074 7f6f4e5dd700 [WARN] [/db_impl.cc:670] 
** DB Stats **
Uptime(secs): 0.1 total, 0.1 interval
Cumulative writes: 0 writes, 0 keys, 0 commit groups, 0.0 writes per commit group, ingest: 0.00 GB, 0.00 MB/s
Cumulative WAL: 0 writes, 0 syncs, 0.00 writes per sync, written: 0.00 GB, 0.00 MB/s
Cumulative stall: 00:00:0.000 H:M:S, 0.0 percent
Interval writes: 0 writes, 0 keys, 0 commit groups, 0.0 writes per commit group, ingest: 0.00 MB, 0.00 MB/s
Interval WAL: 0 writes, 0 syncs, 0.00 writes per sync, written: 0.00 MB, 0.00 MB/s
Interval stall: 00:00:0.000 H:M:S, 0.0 percent

** Compaction Stats [default] **
Level    Files   Size     Score Read(GB)  Rn(GB) Rnp1(GB) Write(GB) Wnew(GB) Moved(GB) W-Amp Rd(MB/s) Wr(MB/s) Comp(sec) Comp(cnt) Avg(sec) KeyIn KeyDrop
----------------------------------------------------------------------------------------------------------------------------------------------------------
  L0      0/0    0.00 KB   0.0      0.0     0.0      0.0       0.0      0.0       0.0   1.0      0.0      0.2         0         1    0.003       0      0
  L1      1/0    0.78 KB   0.0      0.0     0.0      0.0       0.0     -0.0       0.0   0.0      0.6      0.0         0         1    0.003       0      0
 Sum      1/0    0.78 KB   0.0      0.0     0.0      0.0       0.0      0.0       0.0   1.0      0.3      0.1         0         2    0.003       0      0
 Int      0/0    0.00 KB   0.0      0.0     0.0      0.0       0.0      0.0       0.0   1.0      0.3      0.1         0         2    0.003       0      0
Uptime(secs): 0.1 total, 0.1 interval
Flush(GB): cumulative 0.000, interval 0.000
AddFile(GB): cumulative 0.000, interval 0.000
AddFile(Total Files): cumulative 0, interval 0
AddFile(L0 Files): cumulative 0, interval 0
AddFile(Keys): cumulative 0, interval 0
Cumulative compaction: 0.00 GB write, 0.01 MB/s write, 0.00 GB read, 0.03 MB/s read, 0.0 seconds
Interval compaction: 0.00 GB write, 0.01 MB/s write, 0.00 GB read, 0.03 MB/s read, 0.0 seconds
Stalls(count): 0 level0_slowdown, 0 level0_slowdown_with_compaction, 0 level0_numfiles, 0 level0_numfiles_with_compaction, 0 stop for pending_compaction_bytes, 0 slowdown for pending_compaction_bytes, 0 memtable_compaction, 0 memtable_slowdown, interval 0 total count

** File Read Latency Histogram By Level [default] **
** Level 0 read latency histogram (micros):
Count: 10 Average: 52.7000  StdDev: 114.87
Min: 0  Median: 0.8333  Max: 372
Percentiles: P50: 0.83 P75: 2.50 P99: 367.00 P99.9: 372.00 P99.99: 372.00
------------------------------------------------------
[       0,       1 ]        6  60.000%  60.000% ############
(       1,       2 ]        1  10.000%  70.000% ##
(       2,       3 ]        1  10.000%  80.000% ##
(     110,     170 ]        1  10.000%  90.000% ##
(     250,     380 ]        1  10.000% 100.000% ##

** Level 1 read latency histogram (micros):
Count: 9 Average: 89.5556  StdDev: 163.95
Min: 1  Median: 2.2500  Max: 484
Percentiles: P50: 2.25 P75: 31.00 P99: 484.00 P99.9: 484.00 P99.99: 484.00
------------------------------------------------------
[       0,       1 ]        2  22.222%  22.222% ####
(       1,       2 ]        2  22.222%  44.444% ####
(       2,       3 ]        2  22.222%  66.667% ####
(      22,      34 ]        1  11.111%  77.778% ##
(     250,     380 ]        1  11.111%  88.889% ##
(     380,     580 ]        1  11.111% 100.000% ##


** Compaction Stats [Configuration] **
Level    Files   Size     Score Read(GB)  Rn(GB) Rnp1(GB) Write(GB) Wnew(GB) Moved(GB) W-Amp Rd(MB/s) Wr(MB/s) Comp(sec) Comp(cnt) Avg(sec) KeyIn KeyDrop
----------------------------------------------------------------------------------------------------------------------------------------------------------
  L0      1/0    0.71 KB   0.5      0.0     0.0      0.0       0.0      0.0       0.0   1.0      0.0      0.3         0         1    0.003       0      0
  L1      2/0    1.56 KB   0.0      0.0     0.0      0.0       0.0      0.0       0.0   0.0      0.0      0.0         0         0    0.000       0      0
 Sum      3/0    2.27 KB   0.0      0.0     0.0      0.0       0.0      0.0       0.0   1.0      0.0      0.3         0         1    0.003       0      0
 Int      0/0    0.00 KB   0.0      0.0     0.0      0.0       0.0      0.0       0.0   1.0      0.0      0.3         0         1    0.003       0      0
Uptime(secs): 0.1 total, 0.1 interval
Flush(GB): cumulative 0.000, interval 0.000
AddFile(GB): cumulative 0.000, interval 0.000
AddFile(Total Files): cumulative 0, interval 0
AddFile(L0 Files): cumulative 0, interval 0
AddFile(Keys): cumulative 0, interval 0
Cumulative compaction: 0.00 GB write, 0.01 MB/s write, 0.00 GB read, 0.00 MB/s read, 0.0 seconds
Interval compaction: 0.00 GB write, 0.01 MB/s write, 0.00 GB read, 0.00 MB/s read, 0.0 seconds
Stalls(count): 0 level0_slowdown, 0 level0_slowdown_with_compaction, 0 level0_numfiles, 0 level0_numfiles_with_compaction, 0 stop for pending_compaction_bytes, 0 slowdown for pending_compaction_bytes, 0 memtable_compaction, 0 memtable_slowdown, interval 0 total count

** File Read Latency Histogram By Level [Configuration] **
** Level 0 read latency histogram (micros):
Count: 5 Average: 29.8000  StdDev: 57.60
Min: 0  Median: 0.8333  Max: 145
Percentiles: P50: 0.83 P75: 1.75 P99: 145.00 P99.9: 145.00 P99.99: 145.00
------------------------------------------------------
[       0,       1 ]        3  60.000%  60.000% ############
(       1,       2 ]        1  20.000%  80.000% ####
(     110,     170 ]        1  20.000% 100.000% ####

** Level 1 read latency histogram (micros):
Count: 8 Average: 111.1250  StdDev: 190.44
Min: 0  Median: 2.3333  Max: 485
Percentiles: P50: 2.33 P75: 3.00 P99: 485.00 P99.9: 485.00 P99.99: 485.00
------------------------------------------------------
[       0,       1 ]        2  25.000%  25.000% #####
(       1,       2 ]        1  12.500%  37.500% ###
(       2,       3 ]        3  37.500%  75.000% ########
(     380,     580 ]        2  25.000% 100.000% #####


** Compaction Stats [default] **
Level    Files   Size     Score Read(GB)  Rn(GB) Rnp1(GB) Write(GB) Wnew(GB) Moved(GB) W-Amp Rd(MB/s) Wr(MB/s) Comp(sec) Comp(cnt) Avg(sec) KeyIn KeyDrop
----------------------------------------------------------------------------------------------------------------------------------------------------------
  L0      0/0    0.00 KB   0.0      0.0     0.0      0.0       0.0      0.0       0.0   1.0      0.0      0.2         0         1    0.003       0      0
  L1      1/0    0.78 KB   0.0      0.0     0.0      0.0       0.0     -0.0       0.0   0.0      0.6      0.0         0         1    0.003       0      0
 Sum      1/0    0.78 KB   0.0      0.0     0.0      0.0       0.0      0.0       0.0   1.0      0.3      0.1         0         2    0.003       0      0
 Int      0/0    0.00 KB   0.0      0.0     0.0      0.0       0.0      0.0       0.0   0.0      0.0      0.0         0         0    0.000       0      0
Uptime(secs): 0.1 total, 0.0 interval
Flush(GB): cumulative 0.000, interval 0.000
AddFile(GB): cumulative 0.000, interval 0.000
AddFile(Total Files): cumulative 0, interval 0
AddFile(L0 Files): cumulative 0, interval 0
AddFile(Keys): cumulative 0, interval 0
Cumulative compaction: 0.00 GB write, 0.01 MB/s write, 0.00 GB read, 0.03 MB/s read, 0.0 seconds
Interval compaction: 0.00 GB write, 0.00 MB/s write, 0.00 GB read, 0.00 MB/s read, 0.0 seconds
Stalls(count): 0 level0_slowdown, 0 level0_slowdown_with_compaction, 0 level0_numfiles, 0 level0_numfiles_with_compaction, 0 stop for pending_compaction_bytes, 0 slowdown for pending_compaction_bytes, 0 memtable_compaction, 0 memtable_slowdown, interval 0 total count

** File Read Latency Histogram By Level [default] **
** Level 0 read latency histogram (micros):
Count: 10 Average: 52.7000  StdDev: 114.87
Min: 0  Median: 0.8333  Max: 372
Percentiles: P50: 0.83 P75: 2.50 P99: 367.00 P99.9: 372.00 P99.99: 372.00
------------------------------------------------------
[       0,       1 ]        6  60.000%  60.000% ############
(       1,       2 ]        1  10.000%  70.000% ##
(       2,       3 ]        1  10.000%  80.000% ##
(     110,     170 ]        1  10.000%  90.000% ##
(     250,     380 ]        1  10.000% 100.000% ##

** Level 1 read latency histogram (micros):
Count: 9 Average: 89.5556  StdDev: 163.95
Min: 1  Median: 2.2500  Max: 484
Percentiles: P50: 2.25 P75: 31.00 P99: 484.00 P99.9: 484.00 P99.99: 484.00
------------------------------------------------------
[       0,       1 ]        2  22.222%  22.222% ####
(       1,       2 ]        2  22.222%  44.444% ####
(       2,       3 ]        2  22.222%  66.667% ####
(      22,      34 ]        1  11.111%  77.778% ##
(     250,     380 ]        1  11.111%  88.889% ##
(     380,     580 ]        1  11.111% 100.000% ##


** Compaction Stats [Configuration] **
Level    Files   Size     Score Read(GB)  Rn(GB) Rnp1(GB) Write(GB) Wnew(GB) Moved(GB) W-Amp Rd(MB/s) Wr(MB/s) Comp(sec) Comp(cnt) Avg(sec) KeyIn KeyDrop
----------------------------------------------------------------------------------------------------------------------------------------------------------
  L0      1/0    0.71 KB   0.5      0.0     0.0      0.0       0.0      0.0       0.0   1.0      0.0      0.3         0         1    0.003       0      0
  L1      2/0    1.56 KB   0.0      0.0     0.0      0.0       0.0      0.0       0.0   0.0      0.0      0.0         0         0    0.000       0      0
 Sum      3/0    2.27 KB   0.0      0.0     0.0      0.0       0.0      0.0       0.0   1.0      0.0      0.3         0         1    0.003       0      0
 Int      0/0    0.00 KB   0.0      0.0     0.0      0.0       0.0      0.0       0.0   0.0      0.0      0.0         0         0    0.000       0      0
Uptime(secs): 0.1 total, 0.0 interval
Flush(GB): cumulative 0.000, interval 0.000
AddFile(GB): cumulative 0.000, interval 0.000
AddFile(Total Files): cumulative 0, interval 0
AddFile(L0 Files): cumulative 0, interval 0
AddFile(Keys): cumulative 0, interval 0
Cumulative compaction: 0.00 GB write, 0.01 MB/s write, 0.00 GB read, 0.00 MB/s read, 0.0 seconds
Interval compaction: 0.00 GB write, 0.00 MB/s write, 0.00 GB read, 0.00 MB/s read, 0.0 seconds
Stalls(count): 0 level0_slowdown, 0 level0_slowdown_with_compaction, 0 level0_numfiles, 0 level0_numfiles_with_compaction, 0 stop for pending_compaction_bytes, 0 slowdown for pending_compaction_bytes, 0 memtable_compaction, 0 memtable_slowdown, interval 0 total count

** File Read Latency Histogram By Level [Configuration] **
** Level 0 read latency histogram (micros):
Count: 5 Average: 29.8000  StdDev: 57.60
Min: 0  Median: 0.8333  Max: 145
Percentiles: P50: 0.83 P75: 1.75 P99: 145.00 P99.9: 145.00 P99.99: 145.00
------------------------------------------------------
[       0,       1 ]        3  60.000%  60.000% ############
(       1,       2 ]        1  20.000%  80.000% ####
(     110,     170 ]        1  20.000% 100.000% ####

** Level 1 read latency histogram (micros):
Count: 8 Average: 111.1250  StdDev: 190.44
Min: 0  Median: 2.3333  Max: 485
Percentiles: P50: 2.33 P75: 3.00 P99: 485.00 P99.9: 485.00 P99.99: 485.00
------------------------------------------------------
