2021/04/25-16:28:27.929946 7f4ae0779700 RocksDB version: 5.18.4
2021/04/25-16:28:27.930574 7f4ae0779700 Git sha rocksdb_build_git_sha:
2021/04/25-16:28:27.930588 7f4ae0779700 Compile date Mar 11 2020
2021/04/25-16:28:27.930598 7f4ae0779700 DB SUMMARY
2021/04/25-16:28:27.931618 7f4ae0779700 SST files in /home/nacos/data/protocol/raft/naming_instance_metadata/log dir, Total Num: 0, files: 
2021/04/25-16:28:27.931635 7f4ae0779700 Write Ahead Log file in /home/nacos/data/protocol/raft/naming_instance_metadata/log: 
2021/04/25-16:28:27.931648 7f4ae0779700                         Options.error_if_exists: 0
2021/04/25-16:28:27.931660 7f4ae0779700                       Options.create_if_missing: 1
2021/04/25-16:28:27.931670 7f4ae0779700                         Options.paranoid_checks: 1
2021/04/25-16:28:27.931729 7f4ae0779700                                     Options.env: 0x7f4aac8f3fa0
2021/04/25-16:28:27.931740 7f4ae0779700                                Options.info_log: 0x7f4ad96a1790
2021/04/25-16:28:27.931750 7f4ae0779700                Options.max_file_opening_threads: 16
2021/04/25-16:28:27.931760 7f4ae0779700                              Options.statistics: 0x7f4ad8c28b90
2021/04/25-16:28:27.931769 7f4ae0779700                               Options.use_fsync: 0
2021/04/25-16:28:27.931779 7f4ae0779700                       Options.max_log_file_size: 0
2021/04/25-16:28:27.931789 7f4ae0779700                  Options.max_manifest_file_size: 1073741824
2021/04/25-16:28:27.931799 7f4ae0779700                   Options.log_file_time_to_roll: 0
2021/04/25-16:28:27.931809 7f4ae0779700                       Options.keep_log_file_num: 1000
2021/04/25-16:28:27.931818 7f4ae0779700                    Options.recycle_log_file_num: 0
2021/04/25-16:28:27.931828 7f4ae0779700                         Options.allow_fallocate: 1
2021/04/25-16:28:27.931838 7f4ae0779700                        Options.allow_mmap_reads: 0
2021/04/25-16:28:27.931847 7f4ae0779700                       Options.allow_mmap_writes: 0
2021/04/25-16:28:27.931857 7f4ae0779700                        Options.use_direct_reads: 0
2021/04/25-16:28:27.931867 7f4ae0779700                        Options.use_direct_io_for_flush_and_compaction: 0
2021/04/25-16:28:27.931876 7f4ae0779700          Options.create_missing_column_families: 1
2021/04/25-16:28:27.931886 7f4ae0779700                              Options.db_log_dir: 
2021/04/25-16:28:27.931896 7f4ae0779700                                 Options.wal_dir: /home/nacos/data/protocol/raft/naming_instance_metadata/log
2021/04/25-16:28:27.931906 7f4ae0779700                Options.table_cache_numshardbits: 6
2021/04/25-16:28:27.931915 7f4ae0779700                      Options.max_subcompactions: 1
2021/04/25-16:28:27.931925 7f4ae0779700                  Options.max_background_flushes: 1
2021/04/25-16:28:27.931935 7f4ae0779700                         Options.WAL_ttl_seconds: 0
2021/04/25-16:28:27.931944 7f4ae0779700                       Options.WAL_size_limit_MB: 0
2021/04/25-16:28:27.931954 7f4ae0779700             Options.manifest_preallocation_size: 4194304
2021/04/25-16:28:27.931964 7f4ae0779700                     Options.is_fd_close_on_exec: 1
2021/04/25-16:28:27.931973 7f4ae0779700                   Options.advise_random_on_open: 1
2021/04/25-16:28:27.931983 7f4ae0779700                    Options.db_write_buffer_size: 0
2021/04/25-16:28:27.931992 7f4ae0779700                    Options.write_buffer_manager: 0x7f4ad96792e0
2021/04/25-16:28:27.932002 7f4ae0779700         Options.access_hint_on_compaction_start: 1
2021/04/25-16:28:27.932012 7f4ae0779700  Options.new_table_reader_for_compaction_inputs: 0
2021/04/25-16:28:27.932021 7f4ae0779700           Options.random_access_max_buffer_size: 1048576
2021/04/25-16:28:27.932031 7f4ae0779700                      Options.use_adaptive_mutex: 0
2021/04/25-16:28:27.932040 7f4ae0779700                            Options.rate_limiter: (nil)
2021/04/25-16:28:27.932051 7f4ae0779700     Options.sst_file_manager.rate_bytes_per_sec: 0
2021/04/25-16:28:27.932060 7f4ae0779700                       Options.wal_recovery_mode: 2
2021/04/25-16:28:27.932070 7f4ae0779700                  Options.enable_thread_tracking: 0
2021/04/25-16:28:27.932341 7f4ae0779700                  Options.enable_pipelined_write: 0
2021/04/25-16:28:27.932353 7f4ae0779700         Options.allow_concurrent_memtable_write: 1
2021/04/25-16:28:27.932363 7f4ae0779700      Options.enable_write_thread_adaptive_yield: 1
2021/04/25-16:28:27.932371 7f4ae0779700             Options.write_thread_max_yield_usec: 100
2021/04/25-16:28:27.932381 7f4ae0779700            Options.write_thread_slow_yield_usec: 3
2021/04/25-16:28:27.932391 7f4ae0779700                               Options.row_cache: None
2021/04/25-16:28:27.932400 7f4ae0779700                              Options.wal_filter: None
2021/04/25-16:28:27.932410 7f4ae0779700             Options.avoid_flush_during_recovery: 0
2021/04/25-16:28:27.932420 7f4ae0779700             Options.allow_ingest_behind: 0
2021/04/25-16:28:27.932430 7f4ae0779700             Options.preserve_deletes: 0
2021/04/25-16:28:27.932440 7f4ae0779700             Options.two_write_queues: 0
2021/04/25-16:28:27.932449 7f4ae0779700             Options.manual_wal_flush: 0
2021/04/25-16:28:27.932459 7f4ae0779700             Options.max_background_jobs: 2
2021/04/25-16:28:27.932469 7f4ae0779700             Options.max_background_compactions: 4
2021/04/25-16:28:27.932479 7f4ae0779700             Options.avoid_flush_during_shutdown: 0
2021/04/25-16:28:27.932489 7f4ae0779700           Options.writable_file_max_buffer_size: 1048576
2021/04/25-16:28:27.932498 7f4ae0779700             Options.delayed_write_rate : 16777216
2021/04/25-16:28:27.932508 7f4ae0779700             Options.max_total_wal_size: 0
2021/04/25-16:28:27.932518 7f4ae0779700             Options.delete_obsolete_files_period_micros: 21600000000
2021/04/25-16:28:27.932528 7f4ae0779700                   Options.stats_dump_period_sec: 600
2021/04/25-16:28:27.932538 7f4ae0779700                          Options.max_open_files: -1
2021/04/25-16:28:27.932547 7f4ae0779700                          Options.bytes_per_sync: 0
2021/04/25-16:28:27.932557 7f4ae0779700                      Options.wal_bytes_per_sync: 0
2021/04/25-16:28:27.932566 7f4ae0779700       Options.compaction_readahead_size: 0
2021/04/25-16:28:27.932576 7f4ae0779700 Compression algorithms supported:
2021/04/25-16:28:27.932586 7f4ae0779700 	kZSTDNotFinalCompression supported: 1
2021/04/25-16:28:27.932597 7f4ae0779700 	kZSTD supported: 1
2021/04/25-16:28:27.932607 7f4ae0779700 	kXpressCompression supported: 0
2021/04/25-16:28:27.932617 7f4ae0779700 	kLZ4HCCompression supported: 1
2021/04/25-16:28:27.932627 7f4ae0779700 	kLZ4Compression supported: 1
2021/04/25-16:28:27.932636 7f4ae0779700 	kBZip2Compression supported: 1
2021/04/25-16:28:27.932646 7f4ae0779700 	kZlibCompression supported: 1
2021/04/25-16:28:27.932656 7f4ae0779700 	kSnappyCompression supported: 1
2021/04/25-16:28:27.932670 7f4ae0779700 Fast CRC32 supported: Not supported on x86
2021/04/25-16:28:27.935263 7f4ae0779700 [/db_impl_open.cc:226] Creating manifest 1 
2021/04/25-16:28:27.942837 7f4ae0779700 [/version_set.cc:3508] Recovering from manifest file: MANIFEST-000001
2021/04/25-16:28:27.943666 7f4ae0779700 [/column_family.cc:474] --------------- Options for column family [default]:
2021/04/25-16:28:27.943681 7f4ae0779700               Options.comparator: leveldb.BytewiseComparator
2021/04/25-16:28:27.943692 7f4ae0779700           Options.merge_operator: StringAppendOperator
2021/04/25-16:28:27.943702 7f4ae0779700        Options.compaction_filter: None
2021/04/25-16:28:27.943712 7f4ae0779700        Options.compaction_filter_factory: None
2021/04/25-16:28:27.943722 7f4ae0779700         Options.memtable_factory: SkipListFactory
2021/04/25-16:28:27.943732 7f4ae0779700            Options.table_factory: BlockBasedTable
2021/04/25-16:28:27.943771 7f4ae0779700            table_factory options:   flush_block_policy_factory: FlushBlockBySizePolicyFactory (0x7f4ad98debc0)
  cache_index_and_filter_blocks: 0
  cache_index_and_filter_blocks_with_high_priority: 1
  pin_l0_filter_and_index_blocks_in_cache: 1
  pin_top_level_index_and_filter: 1
  index_type: 2
  hash_index_allow_collision: 1
  checksum: 1
  no_block_cache: 0
  block_cache: 0x7f4ad93e5560
  block_cache_name: LRUCache
  block_cache_options:
    capacity : 536870912
    num_shard_bits : 8
    strict_capacity_limit : 0
    memory_allocator : None
    high_pri_pool_ratio: 0.000
  block_cache_compressed: (nil)
  persistent_cache: (nil)
  block_size: 4096
  block_size_deviation: 10
  block_restart_interval: 16
  index_block_restart_interval: 1
  metadata_block_size: 8192
  partition_filters: 1
  use_delta_encoding: 1
  filter_policy: nullptr
  whole_key_filtering: 1
  verify_compression: 0
  read_amp_bytes_per_bit: 0
  format_version: 0
  enable_index_compression: 1
  block_align: 0
2021/04/25-16:28:27.944389 7f4ae0779700        Options.write_buffer_size: 134217728
2021/04/25-16:28:27.944401 7f4ae0779700  Options.max_write_buffer_number: 6
2021/04/25-16:28:27.944411 7f4ae0779700        Options.compression[0]: NoCompression
2021/04/25-16:28:27.944420 7f4ae0779700        Options.compression[1]: NoCompression
2021/04/25-16:28:27.944430 7f4ae0779700        Options.compression[2]: Snappy
2021/04/25-16:28:27.944441 7f4ae0779700        Options.compression[3]: Snappy
2021/04/25-16:28:27.944451 7f4ae0779700        Options.compression[4]: Snappy
2021/04/25-16:28:27.944462 7f4ae0779700        Options.compression[5]: Snappy
2021/04/25-16:28:27.944472 7f4ae0779700        Options.compression[6]: Snappy
2021/04/25-16:28:27.944482 7f4ae0779700                  Options.bottommost_compression: Disabled
2021/04/25-16:28:27.944493 7f4ae0779700       Options.prefix_extractor: rocksdb.FixedPrefix.8
2021/04/25-16:28:27.944502 7f4ae0779700   Options.memtable_insert_with_hint_prefix_extractor: nullptr
2021/04/25-16:28:27.944512 7f4ae0779700             Options.num_levels: 7
2021/04/25-16:28:27.944522 7f4ae0779700        Options.min_write_buffer_number_to_merge: 2
2021/04/25-16:28:27.944532 7f4ae0779700     Options.max_write_buffer_number_to_maintain: 0
2021/04/25-16:28:27.944542 7f4ae0779700            Options.bottommost_compression_opts.window_bits: -14
2021/04/25-16:28:27.944551 7f4ae0779700                  Options.bottommost_compression_opts.level: 32767
2021/04/25-16:28:27.944561 7f4ae0779700               Options.bottommost_compression_opts.strategy: 0
2021/04/25-16:28:27.944578 7f4ae0779700         Options.bottommost_compression_opts.max_dict_bytes: 0
2021/04/25-16:28:27.944588 7f4ae0779700         Options.bottommost_compression_opts.zstd_max_train_bytes: 0
2021/04/25-16:28:27.944597 7f4ae0779700                  Options.bottommost_compression_opts.enabled: false
2021/04/25-16:28:27.944605 7f4ae0779700            Options.compression_opts.window_bits: -14
2021/04/25-16:28:27.944614 7f4ae0779700                  Options.compression_opts.level: 32767
2021/04/25-16:28:27.944622 7f4ae0779700               Options.compression_opts.strategy: 0
2021/04/25-16:28:27.944630 7f4ae0779700         Options.compression_opts.max_dict_bytes: 0
2021/04/25-16:28:27.944637 7f4ae0779700         Options.compression_opts.zstd_max_train_bytes: 0
2021/04/25-16:28:27.944644 7f4ae0779700                  Options.compression_opts.enabled: false
2021/04/25-16:28:27.944651 7f4ae0779700      Options.level0_file_num_compaction_trigger: 2
2021/04/25-16:28:27.944658 7f4ae0779700          Options.level0_slowdown_writes_trigger: 20
2021/04/25-16:28:27.944668 7f4ae0779700              Options.level0_stop_writes_trigger: 40
2021/04/25-16:28:27.944678 7f4ae0779700                   Options.target_file_size_base: 67108864
2021/04/25-16:28:27.944688 7f4ae0779700             Options.target_file_size_multiplier: 1
2021/04/25-16:28:27.944697 7f4ae0779700                Options.max_bytes_for_level_base: 536870912
2021/04/25-16:28:27.944707 7f4ae0779700 Options.level_compaction_dynamic_level_bytes: 0
2021/04/25-16:28:27.944717 7f4ae0779700          Options.max_bytes_for_level_multiplier: 10.000000
2021/04/25-16:28:27.944728 7f4ae0779700 Options.max_bytes_for_level_multiplier_addtl[0]: 1
2021/04/25-16:28:27.944738 7f4ae0779700 Options.max_bytes_for_level_multiplier_addtl[1]: 1
2021/04/25-16:28:27.944974 7f4ae0779700 Options.max_bytes_for_level_multiplier_addtl[2]: 1
2021/04/25-16:28:27.944986 7f4ae0779700 Options.max_bytes_for_level_multiplier_addtl[3]: 1
2021/04/25-16:28:27.944993 7f4ae0779700 Options.max_bytes_for_level_multiplier_addtl[4]: 1
2021/04/25-16:28:27.945001 7f4ae0779700 Options.max_bytes_for_level_multiplier_addtl[5]: 1
2021/04/25-16:28:27.945010 7f4ae0779700 Options.max_bytes_for_level_multiplier_addtl[6]: 1
2021/04/25-16:28:27.945020 7f4ae0779700       Options.max_sequential_skip_in_iterations: 8
2021/04/25-16:28:27.945030 7f4ae0779700                    Options.max_compaction_bytes: 1677721600
2021/04/25-16:28:27.945040 7f4ae0779700                        Options.arena_block_size: 16777216
2021/04/25-16:28:27.945049 7f4ae0779700   Options.soft_pending_compaction_bytes_limit: 68719476736
2021/04/25-16:28:27.945059 7f4ae0779700   Options.hard_pending_compaction_bytes_limit: 274877906944
2021/04/25-16:28:27.945069 7f4ae0779700       Options.rate_limit_delay_max_milliseconds: 100
2021/04/25-16:28:27.945079 7f4ae0779700                Options.disable_auto_compactions: 0
2021/04/25-16:28:27.945089 7f4ae0779700                        Options.compaction_style: kCompactionStyleLevel
2021/04/25-16:28:27.945099 7f4ae0779700                          Options.compaction_pri: kByCompensatedSize
2021/04/25-16:28:27.945109 7f4ae0779700 Options.compaction_options_universal.size_ratio: 1
2021/04/25-16:28:27.945119 7f4ae0779700 Options.compaction_options_universal.min_merge_width: 2
2021/04/25-16:28:27.945129 7f4ae0779700 Options.compaction_options_universal.max_merge_width: 4294967295
2021/04/25-16:28:27.945139 7f4ae0779700 Options.compaction_options_universal.max_size_amplification_percent: 200
2021/04/25-16:28:27.945148 7f4ae0779700 Options.compaction_options_universal.compression_size_percent: -1
2021/04/25-16:28:27.945158 7f4ae0779700 Options.compaction_options_universal.stop_style: kCompactionStopStyleTotalSize
2021/04/25-16:28:27.945168 7f4ae0779700 Options.compaction_options_fifo.max_table_files_size: 1073741824
2021/04/25-16:28:27.945178 7f4ae0779700 Options.compaction_options_fifo.allow_compaction: 0
2021/04/25-16:28:27.945188 7f4ae0779700 Options.compaction_options_fifo.ttl: 0
2021/04/25-16:28:27.945197 7f4ae0779700                   Options.table_properties_collectors: 
2021/04/25-16:28:27.945207 7f4ae0779700                   Options.inplace_update_support: 0
2021/04/25-16:28:27.945217 7f4ae0779700                 Options.inplace_update_num_locks: 10000
2021/04/25-16:28:27.945227 7f4ae0779700               Options.memtable_prefix_bloom_size_ratio: 0.125000
2021/04/25-16:28:27.945238 7f4ae0779700   Options.memtable_huge_page_size: 0
2021/04/25-16:28:27.945247 7f4ae0779700                           Options.bloom_locality: 0
2021/04/25-16:28:27.945257 7f4ae0779700                    Options.max_successive_merges: 0
2021/04/25-16:28:27.945267 7f4ae0779700                Options.optimize_filters_for_hits: 0
2021/04/25-16:28:27.945276 7f4ae0779700                Options.paranoid_file_checks: 0
2021/04/25-16:28:27.945286 7f4ae0779700                Options.force_consistency_checks: 1
2021/04/25-16:28:27.945296 7f4ae0779700                Options.report_bg_io_stats: 0
2021/04/25-16:28:27.945306 7f4ae0779700                               Options.ttl: 0
2021/04/25-16:28:27.979504 7f4ae0779700 [/version_set.cc:3724] Recovered from manifest file:/home/nacos/data/protocol/raft/naming_instance_metadata/log/MANIFEST-000001 succeeded,manifest_file_number is 1, next_file_number is 3, last_sequence is 0, log_number is 0,prev_log_number is 0,max_column_family is 0,min_log_number_to_keep is 0
2021/04/25-16:28:27.979978 7f4ae0779700 [/version_set.cc:3732] Column family [default] (ID 0), log number is 0
2021/04/25-16:28:27.986090 7f4ae0779700 [/version_set.cc:3037] Creating manifest 4
2021/04/25-16:28:27.997389 7f4ae0779700 [/column_family.cc:474] --------------- Options for column family [Configuration]:
2021/04/25-16:28:27.997406 7f4ae0779700               Options.comparator: leveldb.BytewiseComparator
2021/04/25-16:28:27.997418 7f4ae0779700           Options.merge_operator: StringAppendOperator
2021/04/25-16:28:27.997428 7f4ae0779700        Options.compaction_filter: None
2021/04/25-16:28:27.997438 7f4ae0779700        Options.compaction_filter_factory: None
2021/04/25-16:28:27.997448 7f4ae0779700         Options.memtable_factory: SkipListFactory
2021/04/25-16:28:27.997458 7f4ae0779700            Options.table_factory: BlockBasedTable
2021/04/25-16:28:27.997499 7f4ae0779700            table_factory options:   flush_block_policy_factory: FlushBlockBySizePolicyFactory (0x7f4ad98debc0)
  cache_index_and_filter_blocks: 0
  cache_index_and_filter_blocks_with_high_priority: 1
  pin_l0_filter_and_index_blocks_in_cache: 1
  pin_top_level_index_and_filter: 1
  index_type: 2
  hash_index_allow_collision: 1
  checksum: 1
  no_block_cache: 0
  block_cache: 0x7f4ad93e5560
  block_cache_name: LRUCache
  block_cache_options:
    capacity : 536870912
    num_shard_bits : 8
    strict_capacity_limit : 0
    memory_allocator : None
    high_pri_pool_ratio: 0.000
  block_cache_compressed: (nil)
  persistent_cache: (nil)
  block_size: 4096
  block_size_deviation: 10
  block_restart_interval: 16
  index_block_restart_interval: 1
  metadata_block_size: 8192
  partition_filters: 1
  use_delta_encoding: 1
  filter_policy: nullptr
  whole_key_filtering: 1
  verify_compression: 0
  read_amp_bytes_per_bit: 0
  format_version: 0
  enable_index_compression: 1
  block_align: 0
2021/04/25-16:28:27.997511 7f4ae0779700        Options.write_buffer_size: 134217728
2021/04/25-16:28:27.997520 7f4ae0779700  Options.max_write_buffer_number: 6
2021/04/25-16:28:27.997531 7f4ae0779700        Options.compression[0]: NoCompression
2021/04/25-16:28:27.997541 7f4ae0779700        Options.compression[1]: NoCompression
2021/04/25-16:28:27.997551 7f4ae0779700        Options.compression[2]: Snappy
2021/04/25-16:28:27.997561 7f4ae0779700        Options.compression[3]: Snappy
2021/04/25-16:28:27.997572 7f4ae0779700        Options.compression[4]: Snappy
2021/04/25-16:28:27.997582 7f4ae0779700        Options.compression[5]: Snappy
2021/04/25-16:28:27.997592 7f4ae0779700        Options.compression[6]: Snappy
2021/04/25-16:28:27.997601 7f4ae0779700                  Options.bottommost_compression: Disabled
2021/04/25-16:28:27.997612 7f4ae0779700       Options.prefix_extractor: rocksdb.FixedPrefix.8
2021/04/25-16:28:27.997621 7f4ae0779700   Options.memtable_insert_with_hint_prefix_extractor: nullptr
2021/04/25-16:28:27.997631 7f4ae0779700             Options.num_levels: 7
2021/04/25-16:28:27.997640 7f4ae0779700        Options.min_write_buffer_number_to_merge: 2
2021/04/25-16:28:27.997649 7f4ae0779700     Options.max_write_buffer_number_to_maintain: 0
2021/04/25-16:28:27.997659 7f4ae0779700            Options.bottommost_compression_opts.window_bits: -14
2021/04/25-16:28:27.997668 7f4ae0779700                  Options.bottommost_compression_opts.level: 32767
2021/04/25-16:28:27.997678 7f4ae0779700               Options.bottommost_compression_opts.strategy: 0
2021/04/25-16:28:27.997687 7f4ae0779700         Options.bottommost_compression_opts.max_dict_bytes: 0
2021/04/25-16:28:27.997697 7f4ae0779700         Options.bottommost_compression_opts.zstd_max_train_bytes: 0
2021/04/25-16:28:27.997706 7f4ae0779700                  Options.bottommost_compression_opts.enabled: false
2021/04/25-16:28:27.997716 7f4ae0779700            Options.compression_opts.window_bits: -14
2021/04/25-16:28:27.997725 7f4ae0779700                  Options.compression_opts.level: 32767
2021/04/25-16:28:27.997735 7f4ae0779700               Options.compression_opts.strategy: 0
2021/04/25-16:28:27.997744 7f4ae0779700         Options.compression_opts.max_dict_bytes: 0
2021/04/25-16:28:27.997754 7f4ae0779700         Options.compression_opts.zstd_max_train_bytes: 0
2021/04/25-16:28:27.997763 7f4ae0779700                  Options.compression_opts.enabled: false
2021/04/25-16:28:27.998154 7f4ae0779700      Options.level0_file_num_compaction_trigger: 2
2021/04/25-16:28:27.998166 7f4ae0779700          Options.level0_slowdown_writes_trigger: 20
2021/04/25-16:28:27.998176 7f4ae0779700              Options.level0_stop_writes_trigger: 40
2021/04/25-16:28:27.998185 7f4ae0779700                   Options.target_file_size_base: 67108864
2021/04/25-16:28:27.998194 7f4ae0779700             Options.target_file_size_multiplier: 1
2021/04/25-16:28:27.998204 7f4ae0779700                Options.max_bytes_for_level_base: 536870912
2021/04/25-16:28:27.998213 7f4ae0779700 Options.level_compaction_dynamic_level_bytes: 0
2021/04/25-16:28:27.998223 7f4ae0779700          Options.max_bytes_for_level_multiplier: 10.000000
2021/04/25-16:28:27.998234 7f4ae0779700 Options.max_bytes_for_level_multiplier_addtl[0]: 1
2021/04/25-16:28:27.998243 7f4ae0779700 Options.max_bytes_for_level_multiplier_addtl[1]: 1
2021/04/25-16:28:27.998253 7f4ae0779700 Options.max_bytes_for_level_multiplier_addtl[2]: 1
2021/04/25-16:28:27.998262 7f4ae0779700 Options.max_bytes_for_level_multiplier_addtl[3]: 1
2021/04/25-16:28:27.998272 7f4ae0779700 Options.max_bytes_for_level_multiplier_addtl[4]: 1
2021/04/25-16:28:27.998281 7f4ae0779700 Options.max_bytes_for_level_multiplier_addtl[5]: 1
2021/04/25-16:28:27.998290 7f4ae0779700 Options.max_bytes_for_level_multiplier_addtl[6]: 1
2021/04/25-16:28:27.998300 7f4ae0779700       Options.max_sequential_skip_in_iterations: 8
2021/04/25-16:28:27.998309 7f4ae0779700                    Options.max_compaction_bytes: 1677721600
2021/04/25-16:28:27.998319 7f4ae0779700                        Options.arena_block_size: 16777216
2021/04/25-16:28:27.998328 7f4ae0779700   Options.soft_pending_compaction_bytes_limit: 68719476736
2021/04/25-16:28:27.998338 7f4ae0779700   Options.hard_pending_compaction_bytes_limit: 274877906944
2021/04/25-16:28:27.998363 7f4ae0779700       Options.rate_limit_delay_max_milliseconds: 100
2021/04/25-16:28:27.998372 7f4ae0779700                Options.disable_auto_compactions: 0
2021/04/25-16:28:27.998382 7f4ae0779700                        Options.compaction_style: kCompactionStyleLevel
2021/04/25-16:28:27.998392 7f4ae0779700                          Options.compaction_pri: kByCompensatedSize
2021/04/25-16:28:27.998401 7f4ae0779700 Options.compaction_options_universal.size_ratio: 1
2021/04/25-16:28:27.998411 7f4ae0779700 Options.compaction_options_universal.min_merge_width: 2
2021/04/25-16:28:27.998420 7f4ae0779700 Options.compaction_options_universal.max_merge_width: 4294967295
2021/04/25-16:28:27.998429 7f4ae0779700 Options.compaction_options_universal.max_size_amplification_percent: 200
2021/04/25-16:28:27.998438 7f4ae0779700 Options.compaction_options_universal.compression_size_percent: -1
2021/04/25-16:28:27.998448 7f4ae0779700 Options.compaction_options_universal.stop_style: kCompactionStopStyleTotalSize
2021/04/25-16:28:27.998457 7f4ae0779700 Options.compaction_options_fifo.max_table_files_size: 1073741824
2021/04/25-16:28:27.998466 7f4ae0779700 Options.compaction_options_fifo.allow_compaction: 0
2021/04/25-16:28:27.998475 7f4ae0779700 Options.compaction_options_fifo.ttl: 0
2021/04/25-16:28:27.998485 7f4ae0779700                   Options.table_properties_collectors: 
2021/04/25-16:28:27.998494 7f4ae0779700                   Options.inplace_update_support: 0
2021/04/25-16:28:27.998503 7f4ae0779700                 Options.inplace_update_num_locks: 10000
2021/04/25-16:28:27.998512 7f4ae0779700               Options.memtable_prefix_bloom_size_ratio: 0.125000
2021/04/25-16:28:27.998522 7f4ae0779700   Options.memtable_huge_page_size: 0
2021/04/25-16:28:27.998532 7f4ae0779700                           Options.bloom_locality: 0
2021/04/25-16:28:27.998543 7f4ae0779700                    Options.max_successive_merges: 0
2021/04/25-16:28:27.998554 7f4ae0779700                Options.optimize_filters_for_hits: 0
2021/04/25-16:28:27.998566 7f4ae0779700                Options.paranoid_file_checks: 0
2021/04/25-16:28:27.998578 7f4ae0779700                Options.force_consistency_checks: 1
2021/04/25-16:28:27.998945 7f4ae0779700                Options.report_bg_io_stats: 0
2021/04/25-16:28:27.998958 7f4ae0779700                               Options.ttl: 0
2021/04/25-16:28:28.008131 7f4ae0779700 [/db_impl.cc:1606] Created column family [Configuration] (ID 1)
2021/04/25-16:28:28.029568 7f4ae0779700 [/db_impl_open.cc:1314] DB pointer 0x7f4ad96a0560
2021/04/25-16:28:28.030295 7f49d8b91700 [WARN] [/db_impl.cc:669] ------- DUMPING STATS -------
2021/04/25-16:28:28.030343 7f49d8b91700 [WARN] [/db_impl.cc:670] 
** DB Stats **
Uptime(secs): 0.1 total, 0.1 interval
Cumulative writes: 0 writes, 0 keys, 0 commit groups, 0.0 writes per commit group, ingest: 0.00 GB, 0.00 MB/s
Cumulative WAL: 0 writes, 0 syncs, 0.00 writes per sync, written: 0.00 GB, 0.00 MB/s
Cumulative stall: 00:00:0.000 H:M:S, 0.0 percent
Interval writes: 0 writes, 0 keys, 0 commit groups, 0.0 writes per commit group, ingest: 0.00 MB, 0.00 MB/s
Interval WAL: 0 writes, 0 syncs, 0.00 writes per sync, written: 0.00 MB, 0.00 MB/s
Interval stall: 00:00:0.000 H:M:S, 0.0 percent

** Compaction Stats [default] **
Level    Files   Size     Score Read(GB)  Rn(GB) Rnp1(GB) Write(GB) Wnew(GB) Moved(GB) W-Amp Rd(MB/s) Wr(MB/s) Comp(sec) Comp(cnt) Avg(sec) KeyIn KeyDrop
----------------------------------------------------------------------------------------------------------------------------------------------------------
 Sum      0/0    0.00 KB   0.0      0.0     0.0      0.0       0.0      0.0       0.0   0.0      0.0      0.0         0         0    0.000       0      0
 Int      0/0    0.00 KB   0.0      0.0     0.0      0.0       0.0      0.0       0.0   0.0      0.0      0.0         0         0    0.000       0      0
Uptime(secs): 0.1 total, 0.1 interval
Flush(GB): cumulative 0.000, interval 0.000
AddFile(GB): cumulative 0.000, interval 0.000
AddFile(Total Files): cumulative 0, interval 0
AddFile(L0 Files): cumulative 0, interval 0
AddFile(Keys): cumulative 0, interval 0
Cumulative compaction: 0.00 GB write, 0.00 MB/s write, 0.00 GB read, 0.00 MB/s read, 0.0 seconds
Interval compaction: 0.00 GB write, 0.00 MB/s write, 0.00 GB read, 0.00 MB/s read, 0.0 seconds
Stalls(count): 0 level0_slowdown, 0 level0_slowdown_with_compaction, 0 level0_numfiles, 0 level0_numfiles_with_compaction, 0 stop for pending_compaction_bytes, 0 slowdown for pending_compaction_bytes, 0 memtable_compaction, 0 memtable_slowdown, interval 0 total count

** File Read Latency Histogram By Level [default] **

** Compaction Stats [Configuration] **
Level    Files   Size     Score Read(GB)  Rn(GB) Rnp1(GB) Write(GB) Wnew(GB) Moved(GB) W-Amp Rd(MB/s) Wr(MB/s) Comp(sec) Comp(cnt) Avg(sec) KeyIn KeyDrop
----------------------------------------------------------------------------------------------------------------------------------------------------------
 Sum      0/0    0.00 KB   0.0      0.0     0.0      0.0       0.0      0.0       0.0   0.0      0.0      0.0         0         0    0.000       0      0
 Int      0/0    0.00 KB   0.0      0.0     0.0      0.0       0.0      0.0       0.0   0.0      0.0      0.0         0         0    0.000       0      0
Uptime(secs): 0.0 total, 0.0 interval
Flush(GB): cumulative 0.000, interval 0.000
AddFile(GB): cumulative 0.000, interval 0.000
AddFile(Total Files): cumulative 0, interval 0
AddFile(L0 Files): cumulative 0, interval 0
AddFile(Keys): cumulative 0, interval 0
Cumulative compaction: 0.00 GB write, 0.00 MB/s write, 0.00 GB read, 0.00 MB/s read, 0.0 seconds
Interval compaction: 0.00 GB write, 0.00 MB/s write, 0.00 GB read, 0.00 MB/s read, 0.0 seconds
Stalls(count): 0 level0_slowdown, 0 level0_slowdown_with_compaction, 0 level0_numfiles, 0 level0_numfiles_with_compaction, 0 stop for pending_compaction_bytes, 0 slowdown for pending_compaction_bytes, 0 memtable_compaction, 0 memtable_slowdown, interval 0 total count

** File Read Latency Histogram By Level [Configuration] **

** Compaction Stats [default] **
Level    Files   Size     Score Read(GB)  Rn(GB) Rnp1(GB) Write(GB) Wnew(GB) Moved(GB) W-Amp Rd(MB/s) Wr(MB/s) Comp(sec) Comp(cnt) Avg(sec) KeyIn KeyDrop
----------------------------------------------------------------------------------------------------------------------------------------------------------
 Sum      0/0    0.00 KB   0.0      0.0     0.0      0.0       0.0      0.0       0.0   0.0      0.0      0.0         0         0    0.000       0      0
 Int      0/0    0.00 KB   0.0      0.0     0.0      0.0       0.0      0.0       0.0   0.0      0.0      0.0         0         0    0.000       0      0
Uptime(secs): 0.1 total, 0.0 interval
Flush(GB): cumulative 0.000, interval 0.000
AddFile(GB): cumulative 0.000, interval 0.000
AddFile(Total Files): cumulative 0, interval 0
AddFile(L0 Files): cumulative 0, interval 0
AddFile(Keys): cumulative 0, interval 0
Cumulative compaction: 0.00 GB write, 0.00 MB/s write, 0.00 GB read, 0.00 MB/s read, 0.0 seconds
Interval compaction: 0.00 GB write, 0.00 MB/s write, 0.00 GB read, 0.00 MB/s read, 0.0 seconds
Stalls(count): 0 level0_slowdown, 0 level0_slowdown_with_compaction, 0 level0_numfiles, 0 level0_numfiles_with_compaction, 0 stop for pending_compaction_bytes, 0 slowdown for pending_compaction_bytes, 0 memtable_compaction, 0 memtable_slowdown, interval 0 total count

** File Read Latency Histogram By Level [default] **

** Compaction Stats [Configuration] **
Level    Files   Size     Score Read(GB)  Rn(GB) Rnp1(GB) Write(GB) Wnew(GB) Moved(GB) W-Amp Rd(MB/s) Wr(MB/s) Comp(sec) Comp(cnt) Avg(sec) KeyIn KeyDrop
----------------------------------------------------------------------------------------------------------------------------------------------------------
 Sum      0/0    0.00 KB   0.0      0.0     0.0      0.0       0.0      0.0       0.0   0.0      0.0      0.0         0         0    0.000       0      0
 Int      0/0    0.00 KB   0.0      0.0     0.0      0.0       0.0      0.0       0.0   0.0      0.0      0.0         0         0    0.000       0      0
Uptime(secs): 0.0 total, 0.0 interval
Flush(GB): cumulative 0.000, interval 0.000
AddFile(GB): cumulative 0.000, interval 0.000
AddFile(Total Files): cumulative 0, interval 0
AddFile(L0 Files): cumulative 0, interval 0
AddFile(Keys): cumulative 0, interval 0
Cumulative compaction: 0.00 GB write, 0.00 MB/s write, 0.00 GB read, 0.00 MB/s read, 0.0 seconds
Interval compaction: 0.00 GB write, 0.00 MB/s write, 0.00 GB read, 0.00 MB/s read, 0.0 seconds
Stalls(count): 0 level0_slowdown, 0 level0_slowdown_with_compaction, 0 level0_numfiles, 0 level0_numfiles_with_compaction, 0 stop for pending_compaction_bytes, 0 slowdown for pending_compaction_bytes, 0 memtable_compaction, 0 memtable_slowdown, interval 0 total count

** File Read Latency Histogram By Level [Configuration] **
2021/04/25-16:28:28.031297 7f49d8b91700 [WARN] [/db_impl.cc:617] STATISTICS:
 rocksdb.block.cache.miss COUNT : 0
rocksdb.block.cache.hit COUNT : 0
rocksdb.block.cache.add COUNT : 0
rocksdb.block.cache.add.failures COUNT : 0
rocksdb.block.cache.index.miss COUNT : 0
rocksdb.block.cache.index.hit COUNT : 0
rocksdb.block.cache.index.add COUNT : 0
rocksdb.block.cache.index.bytes.insert COUNT : 0
rocksdb.block.cache.index.bytes.evict COUNT : 0
rocksdb.block.cache.filter.miss COUNT : 0
rocksdb.block.cache.filter.hit COUNT : 0
rocksdb.block.cache.filter.add COUNT : 0
rocksdb.block.cache.filter.bytes.insert COUNT : 0
rocksdb.block.cache.filter.bytes.evict COUNT : 0
rocksdb.block.cache.data.miss COUNT : 0
rocksdb.block.cache.data.hit COUNT : 0
rocksdb.block.cache.data.add COUNT : 0
rocksdb.block.cache.data.bytes.insert COUNT : 0
rocksdb.block.cache.bytes.read COUNT : 0
rocksdb.block.cache.bytes.write COUNT : 0
rocksdb.bloom.filter.useful COUNT : 0
rocksdb.bloom.filter.full.positive COUNT : 0
rocksdb.bloom.filter.full.true.positive COUNT : 0
rocksdb.persistent.cache.hit COUNT : 0
rocksdb.persistent.cache.miss COUNT : 0
rocksdb.sim.block.cache.hit COUNT : 0
rocksdb.sim.block.cache.miss COUNT : 0
rocksdb.memtable.hit COUNT : 0
rocksdb.memtable.miss COUNT : 1
rocksdb.l0.hit COUNT : 0
rocksdb.l1.hit COUNT : 0
rocksdb.l2andup.hit COUNT : 0
rocksdb.compaction.key.drop.new COUNT : 0
rocksdb.compaction.key.drop.obsolete COUNT : 0
rocksdb.compaction.key.drop.range_del COUNT : 0
rocksdb.compaction.key.drop.user COUNT : 0
rocksdb.compaction.range_del.drop.obsolete COUNT : 0
rocksdb.compaction.optimized.del.drop.obsolete COUNT : 0
rocksdb.compaction.cancelled COUNT : 0
rocksdb.number.keys.written COUNT : 0
rocksdb.number.keys.read COUNT : 1
rocksdb.number.keys.updated COUNT : 0
rocksdb.bytes.written COUNT : 0
rocksdb.bytes.read COUNT : 0
rocksdb.number.db.seek COUNT : 3
rocksdb.number.db.next COUNT : 0
rocksdb.number.db.prev COUNT : 0
rocksdb.number.db.seek.found COUNT : 0
rocksdb.number.db.next.found COUNT : 0
rocksdb.number.db.prev.found COUNT : 0
rocksdb.db.iter.bytes.read COUNT : 0
rocksdb.no.file.closes COUNT : 0
rocksdb.no.file.opens COUNT : 0
rocksdb.no.file.errors COUNT : 0
rocksdb.l0.slowdown.micros COUNT : 0
rocksdb.memtable.compaction.micros COUNT : 0
rocksdb.l0.num.files.stall.micros COUNT : 0
rocksdb.stall.micros COUNT : 0
rocksdb.db.mutex.wait.micros COUNT : 0
rocksdb.rate.limit.delay.millis COUNT : 0
rocksdb.num.iterators COUNT : 0
rocksdb.number.multiget.get COUNT : 0
rocksdb.number.multiget.keys.read COUNT : 0
rocksdb.number.multiget.bytes.read COUNT : 0
rocksdb.number.deletes.filtered COUNT : 0
rocksdb.number.merge.failures COUNT : 0
rocksdb.bloom.filter.prefix.checked COUNT : 0
rocksdb.bloom.filter.prefix.useful COUNT : 0
rocksdb.number.reseeks.iteration COUNT : 0
rocksdb.getupdatessince.calls COUNT : 0
rocksdb.block.cachecompressed.miss COUNT : 0
rocksdb.block.cachecompressed.hit COUNT : 0
rocksdb.block.cachecompressed.add COUNT : 0
rocksdb.block.cachecompressed.add.failures COUNT : 0
rocksdb.wal.synced COUNT : 0
rocksdb.wal.bytes COUNT : 0
rocksdb.write.self COUNT : 0
rocksdb.write.other COUNT : 0
rocksdb.write.timeout COUNT : 0
rocksdb.write.wal COUNT : 0
rocksdb.compact.read.bytes COUNT : 0
rocksdb.compact.write.bytes COUNT : 0
rocksdb.flush.write.bytes COUNT : 0
rocksdb.number.direct.load.table.properties COUNT : 0
rocksdb.number.superversion_acquires COUNT : 2
rocksdb.number.superversion_releases COUNT : 0
rocksdb.number.superversion_cleanups COUNT : 0
rocksdb.number.block.compressed COUNT : 0
rocksdb.number.block.decompressed COUNT : 0
rocksdb.number.block.not_compressed COUNT : 0
rocksdb.merge.operation.time.nanos COUNT : 0
rocksdb.filter.operation.time.nanos COUNT : 0
rocksdb.row.cache.hit COUNT : 0
rocksdb.row.cache.miss COUNT : 0
rocksdb.read.amp.estimate.useful.bytes COUNT : 0
rocksdb.read.amp.total.read.bytes COUNT : 0
rocksdb.number.rate_limiter.drains COUNT : 0
rocksdb.number.iter.skip COUNT : 0
rocksdb.blobdb.num.put COUNT : 0
rocksdb.blobdb.num.write COUNT : 0
rocksdb.blobdb.num.get COUNT : 0
rocksdb.blobdb.num.multiget COUNT : 0
rocksdb.blobdb.num.seek COUNT : 0
rocksdb.blobdb.num.next COUNT : 0
rocksdb.blobdb.num.prev COUNT : 0
rocksdb.blobdb.num.keys.written COUNT : 0
rocksdb.blobdb.num.keys.read COUNT : 0
rocksdb.blobdb.bytes.written COUNT : 0
rocksdb.blobdb.bytes.read COUNT : 0
rocksdb.blobdb.write.inlined COUNT : 0
rocksdb.blobdb.write.inlined.ttl COUNT : 0
rocksdb.blobdb.write.blob COUNT : 0
rocksdb.blobdb.write.blob.ttl COUNT : 0
rocksdb.blobdb.blob.file.bytes.written COUNT : 0
rocksdb.blobdb.blob.file.bytes.read COUNT : 0
rocksdb.blobdb.blob.file.synced COUNT : 0
rocksdb.blobdb.blob.index.expired.count COUNT : 0
rocksdb.blobdb.blob.index.expired.size COUNT : 0
rocksdb.blobdb.blob.index.evicted.count COUNT : 0
rocksdb.blobdb.blob.index.evicted.size COUNT : 0
rocksdb.blobdb.gc.num.files COUNT : 0
rocksdb.blobdb.gc.num.new.files COUNT : 0
rocksdb.blobdb.gc.failures COUNT : 0
rocksdb.blobdb.gc.num.keys.overwritten COUNT : 0
rocksdb.blobdb.gc.num.keys.expired COUNT : 0
rocksdb.blobdb.gc.num.keys.relocated COUNT : 0
rocksdb.blobdb.gc.bytes.overwritten COUNT : 0
rocksdb.blobdb.gc.bytes.expired COUNT : 0
rocksdb.blobdb.gc.bytes.relocated COUNT : 0
rocksdb.blobdb.fifo.num.files.evicted COUNT : 0
rocksdb.blobdb.fifo.num.keys.evicted COUNT : 0
rocksdb.blobdb.fifo.bytes.evicted COUNT : 0
rocksdb.txn.overhead.mutex.prepare COUNT : 0
rocksdb.txn.overhead.mutex.old.commit.map COUNT : 0
rocksdb.txn.overhead.duplicate.key COUNT : 0
rocksdb.txn.overhead.mutex.snapshot COUNT : 0
rocksdb.number.multiget.keys.found COUNT : 0
rocksdb.num.iterator.created COUNT : 3
rocksdb.num.iterator.deleted COUNT : 3
rocksdb.db.get.micros P50 : 15.000000 P95 : 15.000000 P99 : 15.000000 P100 : 15.000000 COUNT : 1 SUM : 15
rocksdb.db.write.micros P50 : 0.000000 P95 : 0.000000 P99 : 0.000000 P100 : 0.000000 COUNT : 0 SUM : 0
rocksdb.compaction.times.micros P50 : 0.000000 P95 : 0.000000 P99 : 0.000000 P100 : 0.000000 COUNT : 0 SUM : 0
rocksdb.subcompaction.setup.times.micros P50 : 0.000000 P95 : 0.000000 P99 : 0.000000 P100 : 0.000000 COUNT : 0 SUM : 0
rocksdb.table.sync.micros P50 : 0.000000 P95 : 0.000000 P99 : 0.000000 P100 : 0.000000 COUNT : 0 SUM : 0
rocksdb.compaction.outfile.sync.micros P50 : 0.000000 P95 : 0.000000 P99 : 0.000000 P100 : 0.000000 COUNT : 0 SUM : 0
rocksdb.wal.file.sync.micros P50 : 0.000000 P95 : 0.000000 P99 : 0.000000 P100 : 0.000000 COUNT : 0 SUM : 0
rocksdb.manifest.file.sync.micros P50 : 15.000000 P95 : 17.000000 P99 : 17.000000 P100 : 17.000000 COUNT : 2 SUM : 30
rocksdb.table.open.io.micros P50 : 0.000000 P95 : 0.000000 P99 : 0.000000 P100 : 0.000000 COUNT : 0 SUM : 0
rocksdb.db.multiget.micros P50 : 0.000000 P95 : 0.000000 P99 : 0.000000 P100 : 0.000000 COUNT : 0 SUM : 0
rocksdb.read.block.compaction.micros P50 : 0.000000 P95 : 0.000000 P99 : 0.000000 P100 : 0.000000 COUNT : 0 SUM : 0
rocksdb.read.block.get.micros P50 : 0.000000 P95 : 0.000000 P99 : 0.000000 P100 : 0.000000 COUNT : 0 SUM : 0
rocksdb.write.raw.block.micros P50 : 0.000000 P95 : 0.000000 P99 : 0.000000 P100 : 0.000000 COUNT : 0 SUM : 0
rocksdb.l0.slowdown.count P50 : 0.000000 P95 : 0.000000 P99 : 0.000000 P100 : 0.000000 COUNT : 0 SUM : 0
rocksdb.memtable.compaction.count P50 : 0.000000 P95 : 0.000000 P99 : 0.000000 P100 : 0.000000 COUNT : 0 SUM : 0
rocksdb.num.files.stall.count P50 : 0.000000 P95 : 0.000000 P99 : 0.000000 P100 : 0.000000 COUNT : 0 SUM : 0
rocksdb.hard.rate.limit.delay.count P50 : 0.000000 P95 : 0.000000 P99 : 0.000000 P100 : 0.000000 COUNT : 0 SUM : 0
rocksdb.soft.rate.limit.delay.count P50 : 0.000000 P95 : 0.000000 P99 : 0.000000 P100 : 0.000000 COUNT : 0 SUM : 0
rocksdb.numfiles.in.singlecompaction P50 : 0.000000 P95 : 0.000000 P99 : 0.000000 P100 : 0.000000 COUNT : 0 SUM : 0
rocksdb.db.seek.micros P50 : 0.000000 P95 : 0.000000 P99 : 0.000000 P100 : 0.000000 COUNT : 0 SUM : 0
rocksdb.db.write.stall P50 : 0.000000 P95 : 0.000000 P99 : 0.000000 P100 : 0.000000 COUNT : 0 SUM : 0
rocksdb.sst.read.micros P50 : 0.000000 P95 : 0.000000 P99 : 0.000000 P100 : 0.000000 COUNT : 0 SUM : 0
rocksdb.num.subcompactions.scheduled P50 : 0.000000 P95 : 0.000000 P99 : 0.000000 P100 : 0.000000 COUNT : 0 SUM : 0
rocksdb.bytes.per.read P50 : 0.000000 P95 : 0.000000 P99 : 0.000000 P100 : 0.000000 COUNT : 1 SUM : 0
rocksdb.bytes.per.write P50 : 0.000000 P95 : 0.000000 P99 : 0.000000 P100 : 0.000000 COUNT : 0 SUM : 0
rocksdb.bytes.per.multiget P50 : 0.000000 P95 : 0.000000 P99 : 0.000000 P100 : 0.000000 COUNT : 0 SUM : 0
rocksdb.bytes.compressed P50 : 0.000000 P95 : 0.000000 P99 : 0.000000 P100 : 0.000000 COUNT : 0 SUM : 0
